
****** Vivado(TM) HLS - High-Level Synthesis from C, C++ and SystemC v2017.4 (64-bit)
  **** SW Build 2086221 on Fri Dec 15 20:54:30 MST 2017
  **** IP Build 2085800 on Fri Dec 15 22:25:07 MST 2017
    ** Copyright 1986-2017 Xilinx, Inc. All Rights Reserved.

source /opt/tools/xilinx/Vivado/2017.4/scripts/vivado_hls/hls.tcl -notrace
INFO: [HLS 200-10] Running '/opt/tools/xilinx/Vivado/2017.4/bin/unwrapped/lnx64.o/vivado_hls'
INFO: [HLS 200-10] For user 'jieliu15' on host 'u11-jieliu15' (Linux_x86_64 version 4.4.0-124-generic) on Fri Sep 28 05:23:51 PDT 2018
INFO: [HLS 200-10] On os Ubuntu 16.04.5 LTS
INFO: [HLS 200-10] In directory '/curr/jieliu15/HLS_design/Cholesky/cholesky_lib/8x8'
INFO: [HLS 200-10] Opening project '/curr/jieliu15/HLS_design/Cholesky/cholesky_lib/8x8/chol'.
INFO: [HLS 200-10] Adding design file 'cholesky.cpp' to the project
INFO: [HLS 200-10] Adding design file 'cholesky.h' to the project
INFO: [HLS 200-10] Adding test bench file 'cholesky_tb.cpp' to the project
INFO: [HLS 200-10] Opening solution '/curr/jieliu15/HLS_design/Cholesky/cholesky_lib/8x8/chol/solution1'.
INFO: [SYN 201-201] Setting up clock 'default' with a period of 4ns.
INFO: [HLS 200-10] Setting target device to 'xc7vx690tffg1157-2'
INFO: [HLS 200-10] Analyzing design file 'cholesky.cpp' ...
INFO: [HLS 200-10] Validating synthesis directives ...
WARNING: [HLS 200-40] Directive 'RESOURCE' for core 'ROM_1P_LUTRAM' cannot be applied: Variable 'fourth_order_double::sin_cos_K0' can not be recognized(UNKNOWN VARIABLE) in 'sin_or_cos_approximation'.
WARNING: [HLS 200-40] Directive 'RESOURCE' for core 'ROM_1P_LUTRAM' cannot be applied: Variable 'second_order_float::sin_K2' can not be recognized(UNKNOWN VARIABLE) in 'sincos_approximation'.
WARNING: [HLS 200-40] Directive 'RESOURCE' for core 'ROM_1P_LUTRAM' cannot be applied: Variable 'fourth_order_double::sin_K3' can not be recognized(UNKNOWN VARIABLE) in 'sincos_approximation'.
WARNING: [HLS 200-40] Directive 'RESOURCE' for core 'ROM_1P_LUTRAM' cannot be applied: Variable 'second_order_float::sin_K1' can not be recognized(UNKNOWN VARIABLE) in 'sincos_approximation'.
WARNING: [HLS 200-40] Directive 'RESOURCE' for core 'ROM_1P_LUTRAM' cannot be applied: Variable 'fourth_order_double::cos_K4' can not be recognized(UNKNOWN VARIABLE) in 'sincos_approximation'.
WARNING: [HLS 200-40] Directive 'RESOURCE' for core 'ROM_1P_LUTRAM' cannot be applied: Variable 'fourth_order_double::sin_K2' can not be recognized(UNKNOWN VARIABLE) in 'sincos_approximation'.
WARNING: [HLS 200-40] Directive 'RESOURCE' for core 'ROM_1P_LUTRAM' cannot be applied: Variable 'second_order_float::cos_K1' can not be recognized(UNKNOWN VARIABLE) in 'sincos_approximation'.
WARNING: [HLS 200-40] Directive 'RESOURCE' for core 'ROM_1P_LUTRAM' cannot be applied: Variable 'fourth_order_double::sin_cos_K2' can not be recognized(UNKNOWN VARIABLE) in 'sin_or_cos_approximation'.
WARNING: [HLS 200-40] Directive 'RESOURCE' for core 'ROM_1P_LUTRAM' cannot be applied: Variable 'second_order_float::sin_cos_K0' can not be recognized(UNKNOWN VARIABLE) in 'sin_or_cos_approximation'.
WARNING: [HLS 200-40] Directive 'RESOURCE' for core 'ROM_1P_LUTRAM' cannot be applied: Variable 'fourth_order_double::cos_K1' can not be recognized(UNKNOWN VARIABLE) in 'sincos_approximation'.
WARNING: [HLS 200-40] Directive 'RESOURCE' for core 'ROM_1P_LUTRAM' cannot be applied: Variable 'second_order_float::cos_K2' can not be recognized(UNKNOWN VARIABLE) in 'sincos_approximation'.
WARNING: [HLS 200-40] Directive 'RESOURCE' for core 'ROM_1P_LUTRAM' cannot be applied: Variable 'fourth_order_double::cos_K0' can not be recognized(UNKNOWN VARIABLE) in 'sincos_approximation'.
WARNING: [HLS 200-40] Directive 'RESOURCE' for core 'ROM_1P_LUTRAM' cannot be applied: Variable 'fourth_order_double::sin_K4' can not be recognized(UNKNOWN VARIABLE) in 'sincos_approximation'.
WARNING: [HLS 200-40] Directive 'RESOURCE' for core 'ROM_1P_LUTRAM' cannot be applied: Variable 'fourth_order_double::sin_cos_K3' can not be recognized(UNKNOWN VARIABLE) in 'sin_or_cos_approximation'.
WARNING: [HLS 200-40] Directive 'RESOURCE' for core 'ROM_1P_LUTRAM' cannot be applied: Variable 'fourth_order_double::sin_cos_K4' can not be recognized(UNKNOWN VARIABLE) in 'sin_or_cos_approximation'.
WARNING: [HLS 200-40] Directive 'RESOURCE' for core 'ROM_1P_LUTRAM' cannot be applied: Variable 'second_order_float::sin_cos_K1' can not be recognized(UNKNOWN VARIABLE) in 'sin_or_cos_approximation'.
WARNING: [HLS 200-40] Directive 'RESOURCE' for core 'ROM_1P_LUTRAM' cannot be applied: Variable 'second_order_float::sin_K0' can not be recognized(UNKNOWN VARIABLE) in 'sincos_approximation'.
WARNING: [HLS 200-40] Directive 'RESOURCE' for core 'ROM_1P_LUTRAM' cannot be applied: Variable 'second_order_float::sin_cos_K2' can not be recognized(UNKNOWN VARIABLE) in 'sin_or_cos_approximation'.
WARNING: [HLS 200-40] Directive 'RESOURCE' for core 'ROM_1P_LUTRAM' cannot be applied: Variable 'fourth_order_double::sin_K0' can not be recognized(UNKNOWN VARIABLE) in 'sincos_approximation'.
WARNING: [HLS 200-40] Directive 'RESOURCE' for core 'ROM_1P_LUTRAM' cannot be applied: Variable 'second_order_float::cos_K0' can not be recognized(UNKNOWN VARIABLE) in 'sincos_approximation'.
WARNING: [HLS 200-40] Directive 'RESOURCE' for core 'ROM_1P_LUTRAM' cannot be applied: Variable 'fourth_order_double::cos_K2' can not be recognized(UNKNOWN VARIABLE) in 'sincos_approximation'.
WARNING: [HLS 200-40] Directive 'RESOURCE' for core 'ROM_1P_LUTRAM' cannot be applied: Variable 'fourth_order_double::sin_cos_K1' can not be recognized(UNKNOWN VARIABLE) in 'sin_or_cos_approximation'.
WARNING: [HLS 200-40] Directive 'RESOURCE' for core 'ROM_1P_LUTRAM' cannot be applied: Variable 'first_order_fixed_16::sin_cos_K1' can not be recognized(UNKNOWN VARIABLE) in 'sin_or_cos_approximation'.
WARNING: [HLS 200-40] Directive 'RESOURCE' for core 'ROM_1P_LUTRAM' cannot be applied: Variable 'fourth_order_double::cos_K3' can not be recognized(UNKNOWN VARIABLE) in 'sincos_approximation'.
WARNING: [HLS 200-40] Directive 'RESOURCE' for core 'ROM_1P_LUTRAM' cannot be applied: Variable 'fourth_order_double::sin_K1' can not be recognized(UNKNOWN VARIABLE) in 'sincos_approximation'.
WARNING: [HLS 200-40] Directive 'RESOURCE' for core 'ROM_1P_LUTRAM' cannot be applied: Variable 'first_order_fixed_16::sin_cos_K0' can not be recognized(UNKNOWN VARIABLE) in 'sin_or_cos_approximation'.
INFO: [HLS 200-111] Finished Checking Pragmas Time (s): cpu = 00:01:47 ; elapsed = 00:00:27 . Memory (MB): peak = 359.941 ; gain = 13.375 ; free physical = 123720 ; free virtual = 128730
INFO: [HLS 200-111] Finished Linking Time (s): cpu = 00:02:32 ; elapsed = 00:01:17 . Memory (MB): peak = 359.941 ; gain = 13.375 ; free physical = 123718 ; free virtual = 128727
INFO: [HLS 200-10] Starting code transformations ...
INFO: [HLS 200-111] Finished Standard Transforms Time (s): cpu = 00:02:59 ; elapsed = 00:01:50 . Memory (MB): peak = 1319.949 ; gain = 973.383 ; free physical = 122684 ; free virtual = 127900
INFO: [HLS 200-10] Checking synthesizability ...
INFO: [XFORM 203-602] Inlining function 'hls::hls_rsr::generic_sqrt' into 'hls::sqrtf' (/wrk/2017.4/nightly/2017_12_15_2086221/src/products/hls/hls_lib/hlsmath/src/libhlsmc++-Part2.cpp:128) automatically.
INFO: [XFORM 203-602] Inlining function 'hls::sqrtf' into 'hls::x_sqrt' (/opt/tools/xilinx/Vivado/2017.4/common/technology/autopilot/hls/linear_algebra/utils/x_hls_matrix_utils.h:110) automatically.
INFO: [XFORM 203-602] Inlining function 'hls::x_sqrt' into 'hls::cholesky_sqrt_op<float, float>' (/opt/tools/xilinx/Vivado/2017.4/common/technology/autopilot/hls/linear_algebra/hls_cholesky.h:165) automatically.
INFO: [XFORM 203-602] Inlining function 'hls::rsqrtf' into 'hls::x_rsqrt' (/opt/tools/xilinx/Vivado/2017.4/common/technology/autopilot/hls/linear_algebra/utils/x_hls_matrix_utils.h:164) automatically.
INFO: [XFORM 203-602] Inlining function 'hls::x_rsqrt' into 'hls::cholesky_rsqrt<float, float>' (/opt/tools/xilinx/Vivado/2017.4/common/technology/autopilot/hls/linear_algebra/hls_cholesky.h:189) automatically.
INFO: [XFORM 203-602] Inlining function 'hls::cholesky_sqrt_op<float, float>' into 'hls::cholesky_alt2<true, 8, MY_CONFIG, float, float>' (/opt/tools/xilinx/Vivado/2017.4/common/technology/autopilot/hls/linear_algebra/hls_cholesky.h:499) automatically.
INFO: [XFORM 203-602] Inlining function 'hls::x_real<float>' into 'hls::cholesky_alt2<true, 8, MY_CONFIG, float, float>' (/opt/tools/xilinx/Vivado/2017.4/common/technology/autopilot/hls/linear_algebra/hls_cholesky.h:509) automatically.
INFO: [XFORM 203-602] Inlining function 'hls::cholesky_rsqrt<float, float>' into 'hls::cholesky_alt2<true, 8, MY_CONFIG, float, float>' (/opt/tools/xilinx/Vivado/2017.4/common/technology/autopilot/hls/linear_algebra/hls_cholesky.h:509) automatically.
INFO: [XFORM 203-602] Inlining function 'hls::x_conj<float>' into 'hls::cholesky_alt2<true, 8, MY_CONFIG, float, float>' (/opt/tools/xilinx/Vivado/2017.4/common/technology/autopilot/hls/linear_algebra/hls_cholesky.h:522) automatically.
INFO: [XFORM 203-602] Inlining function 'hls::cholesky_prod_sum_mult<float, float, float>' into 'hls::cholesky_alt2<true, 8, MY_CONFIG, float, float>' (/opt/tools/xilinx/Vivado/2017.4/common/technology/autopilot/hls/linear_algebra/hls_cholesky.h:559) automatically.
INFO: [XFORM 203-602] Inlining function 'hls::x_conj_sq<float>' into 'hls::cholesky_alt2<true, 8, MY_CONFIG, float, float>' (/opt/tools/xilinx/Vivado/2017.4/common/technology/autopilot/hls/linear_algebra/hls_cholesky.h:564) automatically.
INFO: [XFORM 203-602] Inlining function 'hls::cholesky_top<true, 8, MY_CONFIG, float, float>' into 'cholesky_top' (cholesky.cpp:56) automatically.
INFO: [HLS 200-111] Finished Checking Synthesizability Time (s): cpu = 00:03:06 ; elapsed = 00:01:58 . Memory (MB): peak = 1801.926 ; gain = 1455.359 ; free physical = 121881 ; free virtual = 127153
WARNING: [XFORM 203-561] Updating loop lower bound from 0 to 1 for loop 'sum_loop' (/opt/tools/xilinx/Vivado/2017.4/common/technology/autopilot/hls/linear_algebra/hls_cholesky.h:519:1) in function 'hls::cholesky_alt2<true, 8, MY_CONFIG, float, float>'.
INFO: [XFORM 203-501] Unrolling loop 'row_loop' (/opt/tools/xilinx/Vivado/2017.4/common/technology/autopilot/hls/linear_algebra/hls_cholesky.h:530) in function 'hls::cholesky_alt2<true, 8, MY_CONFIG, float, float>' partially with a factor of 2.
INFO: [XFORM 203-101] Partitioning array 'a_i' (cholesky.cpp:45) in dimension 1 with a cyclic factor 2.
INFO: [XFORM 203-101] Partitioning array 'l_i'  in dimension 1 with a cyclic factor 2.
INFO: [XFORM 203-101] Partitioning array 'L_internal' (/opt/tools/xilinx/Vivado/2017.4/common/technology/autopilot/hls/linear_algebra/hls_cholesky.h:468) in dimension 1 with a cyclic factor 2.
INFO: [XFORM 203-101] Partitioning array 'square_sum_array' (/opt/tools/xilinx/Vivado/2017.4/common/technology/autopilot/hls/linear_algebra/hls_cholesky.h:470) in dimension 1 with a cyclic factor 2.
INFO: [XFORM 203-101] Partitioning array 'product_sum_array' (/opt/tools/xilinx/Vivado/2017.4/common/technology/autopilot/hls/linear_algebra/hls_cholesky.h:479) in dimension 1 with a cyclic factor 2.
INFO: [XFORM 203-102] Automatically partitioning small array 'square_sum_array.0' (/opt/tools/xilinx/Vivado/2017.4/common/technology/autopilot/hls/linear_algebra/hls_cholesky.h:470) completely based on array size.
INFO: [XFORM 203-102] Automatically partitioning small array 'square_sum_array.1' (/opt/tools/xilinx/Vivado/2017.4/common/technology/autopilot/hls/linear_algebra/hls_cholesky.h:470) completely based on array size.
INFO: [XFORM 203-102] Automatically partitioning small array 'product_sum_array.0' (/opt/tools/xilinx/Vivado/2017.4/common/technology/autopilot/hls/linear_algebra/hls_cholesky.h:479) completely based on array size.
INFO: [XFORM 203-102] Automatically partitioning small array 'product_sum_array.1' (/opt/tools/xilinx/Vivado/2017.4/common/technology/autopilot/hls/linear_algebra/hls_cholesky.h:479) completely based on array size.
INFO: [XFORM 203-101] Partitioning array 'square_sum_array.0' (/opt/tools/xilinx/Vivado/2017.4/common/technology/autopilot/hls/linear_algebra/hls_cholesky.h:470) in dimension 1 completely.
INFO: [XFORM 203-101] Partitioning array 'square_sum_array.1' (/opt/tools/xilinx/Vivado/2017.4/common/technology/autopilot/hls/linear_algebra/hls_cholesky.h:470) in dimension 1 completely.
INFO: [XFORM 203-101] Partitioning array 'product_sum_array.0' (/opt/tools/xilinx/Vivado/2017.4/common/technology/autopilot/hls/linear_algebra/hls_cholesky.h:479) in dimension 1 completely.
INFO: [XFORM 203-101] Partitioning array 'product_sum_array.1' (/opt/tools/xilinx/Vivado/2017.4/common/technology/autopilot/hls/linear_algebra/hls_cholesky.h:479) in dimension 1 completely.
INFO: [XFORM 203-602] Inlining function 'hls::hls_rsr::generic_sqrt' into 'hls::sqrtf' (/wrk/2017.4/nightly/2017_12_15_2086221/src/products/hls/hls_lib/hlsmath/src/libhlsmc++-Part2.cpp:128) automatically.
INFO: [XFORM 203-602] Inlining function 'hls::sqrtf' into 'hls::x_sqrt' (/opt/tools/xilinx/Vivado/2017.4/common/technology/autopilot/hls/linear_algebra/utils/x_hls_matrix_utils.h:110) automatically.
INFO: [XFORM 203-602] Inlining function 'hls::x_sqrt' into 'hls::cholesky_sqrt_op<float, float>' (/opt/tools/xilinx/Vivado/2017.4/common/technology/autopilot/hls/linear_algebra/hls_cholesky.h:165) automatically.
INFO: [XFORM 203-602] Inlining function 'hls::rsqrtf' into 'hls::x_rsqrt' (/opt/tools/xilinx/Vivado/2017.4/common/technology/autopilot/hls/linear_algebra/utils/x_hls_matrix_utils.h:164) automatically.
INFO: [XFORM 203-602] Inlining function 'hls::x_rsqrt' into 'hls::cholesky_rsqrt<float, float>' (/opt/tools/xilinx/Vivado/2017.4/common/technology/autopilot/hls/linear_algebra/hls_cholesky.h:189) automatically.
INFO: [XFORM 203-602] Inlining function 'hls::cholesky_sqrt_op<float, float>' into 'hls::cholesky_alt2<true, 8, MY_CONFIG, float, float>' (/opt/tools/xilinx/Vivado/2017.4/common/technology/autopilot/hls/linear_algebra/hls_cholesky.h:499) automatically.
INFO: [XFORM 203-602] Inlining function 'hls::x_real<float>' into 'hls::cholesky_alt2<true, 8, MY_CONFIG, float, float>' (/opt/tools/xilinx/Vivado/2017.4/common/technology/autopilot/hls/linear_algebra/hls_cholesky.h:509) automatically.
INFO: [XFORM 203-602] Inlining function 'hls::cholesky_rsqrt<float, float>' into 'hls::cholesky_alt2<true, 8, MY_CONFIG, float, float>' (/opt/tools/xilinx/Vivado/2017.4/common/technology/autopilot/hls/linear_algebra/hls_cholesky.h:509) automatically.
INFO: [XFORM 203-602] Inlining function 'hls::x_conj<float>' into 'hls::cholesky_alt2<true, 8, MY_CONFIG, float, float>' (/opt/tools/xilinx/Vivado/2017.4/common/technology/autopilot/hls/linear_algebra/hls_cholesky.h:522) automatically.
INFO: [XFORM 203-602] Inlining function 'hls::cholesky_prod_sum_mult<float, float, float>' into 'hls::cholesky_alt2<true, 8, MY_CONFIG, float, float>' (/opt/tools/xilinx/Vivado/2017.4/common/technology/autopilot/hls/linear_algebra/hls_cholesky.h:559) automatically.
INFO: [XFORM 203-602] Inlining function 'hls::x_conj_sq<float>' into 'hls::cholesky_alt2<true, 8, MY_CONFIG, float, float>' (/opt/tools/xilinx/Vivado/2017.4/common/technology/autopilot/hls/linear_algebra/hls_cholesky.h:564) automatically.
INFO: [XFORM 203-602] Inlining function 'hls::cholesky_top<true, 8, MY_CONFIG, float, float>' into 'cholesky_top' (cholesky.cpp:56) automatically.
INFO: [XFORM 203-401] Performing if-conversion on hyperblock to (/opt/tools/xilinx/Vivado/2017.4/common/technology/autopilot/hls/linear_algebra/hls_cholesky.h:552:13) in function 'hls::cholesky_alt2<true, 8, MY_CONFIG, float, float>'... converting 4 basic blocks.
INFO: [XFORM 203-401] Performing if-conversion on hyperblock to (/opt/tools/xilinx/Vivado/2017.4/common/technology/autopilot/hls/linear_algebra/hls_cholesky.h:552:13) in function 'hls::cholesky_alt2<true, 8, MY_CONFIG, float, float>'... converting 4 basic blocks.
INFO: [XFORM 203-401] Performing if-conversion on hyperblock from (/opt/tools/xilinx/Vivado/2017.4/common/technology/autopilot/hls/linear_algebra/hls_cholesky.h:554:15) to (/opt/tools/xilinx/Vivado/2017.4/common/technology/autopilot/hls/linear_algebra/hls_cholesky.h:555:13) in function 'hls::cholesky_alt2<true, 8, MY_CONFIG, float, float>'... converting 6 basic blocks.
INFO: [XFORM 203-401] Performing if-conversion on hyperblock from (/opt/tools/xilinx/Vivado/2017.4/common/technology/autopilot/hls/linear_algebra/hls_cholesky.h:211:37) in function 'hls::cholesky_alt2<true, 8, MY_CONFIG, float, float>'... converting 8 basic blocks.
INFO: [XFORM 203-401] Performing if-conversion on hyperblock from (/opt/tools/xilinx/Vivado/2017.4/common/technology/autopilot/hls/linear_algebra/hls_cholesky.h:554:15) to (/opt/tools/xilinx/Vivado/2017.4/common/technology/autopilot/hls/linear_algebra/hls_cholesky.h:555:13) in function 'hls::cholesky_alt2<true, 8, MY_CONFIG, float, float>'... converting 6 basic blocks.
INFO: [XFORM 203-401] Performing if-conversion on hyperblock from (/opt/tools/xilinx/Vivado/2017.4/common/technology/autopilot/hls/linear_algebra/hls_cholesky.h:211:37) in function 'hls::cholesky_alt2<true, 8, MY_CONFIG, float, float>'... converting 8 basic blocks.
INFO: [XFORM 203-401] Performing if-conversion on hyperblock from (/opt/tools/xilinx/Vivado/2017.4/common/technology/autopilot/hls/linear_algebra/hls_cholesky.h:517:46) to (/opt/tools/xilinx/Vivado/2017.4/common/technology/autopilot/hls/linear_algebra/hls_cholesky.h:530:32) in function 'hls::cholesky_alt2<true, 8, MY_CONFIG, float, float>'... converting 4 basic blocks.
INFO: [XFORM 203-401] Performing if-conversion on hyperblock from (/opt/tools/xilinx/Vivado/2017.4/common/technology/autopilot/hls/linear_algebra/hls_cholesky.h:490:48) to (/opt/tools/xilinx/Vivado/2017.4/common/technology/autopilot/hls/linear_algebra/hls_cholesky.h:512:9) in function 'hls::cholesky_alt2<true, 8, MY_CONFIG, float, float>'... converting 11 basic blocks.
INFO: [XFORM 203-401] Performing if-conversion on hyperblock from (cholesky.cpp:63:51) to (cholesky.cpp:63:45) in function 'cholesky_top'... converting 4 basic blocks.
INFO: [HLS 200-111] Finished Pre-synthesis Time (s): cpu = 00:03:16 ; elapsed = 00:02:12 . Memory (MB): peak = 2417.160 ; gain = 2070.594 ; free physical = 119548 ; free virtual = 125129
WARNING: [XFORM 203-542] Cannot flatten a loop nest 'zero_rows_loop' (/opt/tools/xilinx/Vivado/2017.4/common/technology/autopilot/hls/linear_algebra/hls_cholesky.h:593:61) in function 'hls::cholesky_alt2<true, 8, MY_CONFIG, float, float>' : 

the outer loop is not a perfect loop.
WARNING: [XFORM 203-631] Renaming function 'hls::cholesky_alt2<true, 8, MY_CONFIG, float, float>' to 'cholesky_alt2' (/opt/tools/xilinx/Vivado/2017.4/common/technology/autopilot/hls/linear_algebra/hls_cholesky.h:161:17)
INFO: [HLS 200-111] Finished Architecture Synthesis Time (s): cpu = 00:03:19 ; elapsed = 00:02:15 . Memory (MB): peak = 2569.934 ; gain = 2223.367 ; free physical = 119366 ; free virtual = 124990
INFO: [HLS 200-10] Starting hardware synthesis ...
INFO: [HLS 200-10] Synthesizing 'cholesky_top' ...
INFO: [HLS 200-10] ----------------------------------------------------------------
INFO: [HLS 200-42] -- Implementing module 'cholesky_alt2'
INFO: [HLS 200-10] ----------------------------------------------------------------
INFO: [SCHED 204-11] Starting scheduling ...
INFO: [SCHED 204-61] Pipelining loop 'row_loop'.
WARNING: [SCHED 204-68] Unable to enforce a carried dependence constraint (II = 1, distance = 1, offset = 1)
   between 'store' operation (/opt/tools/xilinx/Vivado/2017.4/common/technology/autopilot/hls/linear_algebra/hls_cholesky.h:554) of variable 'product_sum_array[0][3]', /opt/tools/xilinx/Vivado/2017.4/common/technology/autopilot/hls/linear_algebra/hls_cholesky.h:530 on local variable 'product_sum_array[0][3]' and 'load' operation ('product_sum_array_0_14') on local variable 'product_sum_array[0][3]'.
WARNING: [SCHED 204-68] Unable to enforce a carried dependence constraint (II = 2, distance = 1, offset = 1)
   between 'store' operation (/opt/tools/xilinx/Vivado/2017.4/common/technology/autopilot/hls/linear_algebra/hls_cholesky.h:554) of variable 'product_sum_array[0][3]', /opt/tools/xilinx/Vivado/2017.4/common/technology/autopilot/hls/linear_algebra/hls_cholesky.h:530 on local variable 'product_sum_array[0][3]' and 'load' operation ('product_sum_array_0_14') on local variable 'product_sum_array[0][3]'.
WARNING: [SCHED 204-68] Unable to enforce a carried dependence constraint (II = 3, distance = 1, offset = 1)
   between 'store' operation (/opt/tools/xilinx/Vivado/2017.4/common/technology/autopilot/hls/linear_algebra/hls_cholesky.h:554) of variable 'product_sum_array[0][3]', /opt/tools/xilinx/Vivado/2017.4/common/technology/autopilot/hls/linear_algebra/hls_cholesky.h:530 on local variable 'product_sum_array[0][3]' and 'load' operation ('product_sum_array_0_14') on local variable 'product_sum_array[0][3]'.
WARNING: [SCHED 204-68] Unable to enforce a carried dependence constraint (II = 4, distance = 1, offset = 1)
   between 'store' operation (/opt/tools/xilinx/Vivado/2017.4/common/technology/autopilot/hls/linear_algebra/hls_cholesky.h:554) of variable 'product_sum_array[0][3]', /opt/tools/xilinx/Vivado/2017.4/common/technology/autopilot/hls/linear_algebra/hls_cholesky.h:530 on local variable 'product_sum_array[0][3]' and 'load' operation ('product_sum_array_0_14') on local variable 'product_sum_array[0][3]'.
WARNING: [SCHED 204-68] Unable to enforce a carried dependence constraint (II = 7, distance = 1, offset = 1)
   between 'store' operation (/opt/tools/xilinx/Vivado/2017.4/common/technology/autopilot/hls/linear_algebra/hls_cholesky.h:554) of variable 'product_sum_array[0][3]', /opt/tools/xilinx/Vivado/2017.4/common/technology/autopilot/hls/linear_algebra/hls_cholesky.h:530 on local variable 'product_sum_array[0][3]' and 'load' operation ('product_sum_array_0_14') on local variable 'product_sum_array[0][3]'.
WARNING: [SCHED 204-68] Unable to enforce a carried dependence constraint (II = 8, distance = 1, offset = 1)
   between 'store' operation (/opt/tools/xilinx/Vivado/2017.4/common/technology/autopilot/hls/linear_algebra/hls_cholesky.h:554) of variable 'product_sum_array[0][3]', /opt/tools/xilinx/Vivado/2017.4/common/technology/autopilot/hls/linear_algebra/hls_cholesky.h:530 on local variable 'product_sum_array[0][3]' and 'load' operation ('product_sum_array_0_14') on local variable 'product_sum_array[0][3]'.
INFO: [SCHED 204-61] Pipelining result : Target II = 1, Final II = 9, Depth = 28.
INFO: [SCHED 204-61] Pipelining loop 'zero_cols_loop'.
INFO: [SCHED 204-61] Pipelining result : Target II = 1, Final II = 1, Depth = 2.
WARNING: [SCHED 204-21] Estimated clock period (4.789ns) exceeds the target (target clock period: 4ns, clock uncertainty: 0.5ns, effective delay budget: 3.5ns).
WARNING: [SCHED 204-21] The critical path consists of the following:
	'fadd' operation ('tmp_15', /opt/tools/xilinx/Vivado/2017.4/common/technology/autopilot/hls/linear_algebra/hls_cholesky.h:566) (2.66 ns)
	'select' operation ('square_sum_array[0][3]', /opt/tools/xilinx/Vivado/2017.4/common/technology/autopilot/hls/linear_algebra/hls_cholesky.h:564) (0.71 ns)
	'select' operation ('square_sum_array[0][3]', /opt/tools/xilinx/Vivado/2017.4/common/technology/autopilot/hls/linear_algebra/hls_cholesky.h:530) (0 ns)
	'select' operation ('square_sum_array[0][3]', /opt/tools/xilinx/Vivado/2017.4/common/technology/autopilot/hls/linear_algebra/hls_cholesky.h:530) (0.71 ns)
	'select' operation ('square_sum_array[0][3]', /opt/tools/xilinx/Vivado/2017.4/common/technology/autopilot/hls/linear_algebra/hls_cholesky.h:530) (0.71 ns)
INFO: [SCHED 204-11] Finished scheduling.
INFO: [HLS 200-111]  Elapsed time: 136.17 seconds; current allocated memory: 1.890 GB.
INFO: [BIND 205-100] Starting micro-architecture generation ...
INFO: [BIND 205-101] Performing variable lifetime analysis.
INFO: [BIND 205-101] Exploring resource sharing.
INFO: [BIND 205-101] Binding ...
INFO: [BIND 205-100] Finished micro-architecture generation.
INFO: [HLS 200-111]  Elapsed time: 0.57 seconds; current allocated memory: 1.891 GB.
INFO: [HLS 200-10] ----------------------------------------------------------------
INFO: [HLS 200-42] -- Implementing module 'cholesky_top'
INFO: [HLS 200-10] ----------------------------------------------------------------
INFO: [SCHED 204-11] Starting scheduling ...
INFO: [SCHED 204-11] Finished scheduling.
INFO: [HLS 200-111]  Elapsed time: 0.96 seconds; current allocated memory: 1.892 GB.
INFO: [BIND 205-100] Starting micro-architecture generation ...
INFO: [BIND 205-101] Performing variable lifetime analysis.
INFO: [BIND 205-101] Exploring resource sharing.
INFO: [BIND 205-101] Binding ...
INFO: [BIND 205-100] Finished micro-architecture generation.
INFO: [HLS 200-111]  Elapsed time: 0.53 seconds; current allocated memory: 1.892 GB.
INFO: [HLS 200-10] ----------------------------------------------------------------
INFO: [HLS 200-10] -- Generating RTL for module 'cholesky_alt2'
INFO: [HLS 200-10] ----------------------------------------------------------------
INFO: [SYN 201-210] Renamed object name 'cholesky_alt2_L_internal_0' to 'cholesky_alt2_L_ibkb' due to the length limit 20
INFO: [SYN 201-210] Renamed object name 'cholesky_alt2_L_internal_1' to 'cholesky_alt2_L_icud' due to the length limit 20
INFO: [SYN 201-210] Renamed object name 'cholesky_top_faddfsub_32ns_32ns_32_9_full_dsp_1' to 'cholesky_top_fadddEe' due to the length limit 20
INFO: [SYN 201-210] Renamed object name 'cholesky_top_fmul_32ns_32ns_32_5_max_dsp_1' to 'cholesky_top_fmuleOg' due to the length limit 20
INFO: [SYN 201-210] Renamed object name 'cholesky_top_fcmp_32ns_32ns_1_2_1' to 'cholesky_top_fcmpfYi' due to the length limit 20
INFO: [SYN 201-210] Renamed object name 'cholesky_top_fsqrt_32ns_32ns_32_17_1' to 'cholesky_top_fsqrg8j' due to the length limit 20
INFO: [SYN 201-210] Renamed object name 'cholesky_top_frsqrt_32ns_32ns_32_20_full_dsp_1' to 'cholesky_top_frsqhbi' due to the length limit 20
INFO: [SYN 201-210] Renamed object name 'cholesky_top_mux_42_32_1_1' to 'cholesky_top_mux_ibs' due to the length limit 20
INFO: [RTGEN 206-100] Generating core module 'cholesky_top_fadddEe': 1 instance(s).
INFO: [RTGEN 206-100] Generating core module 'cholesky_top_fcmpfYi': 1 instance(s).
INFO: [RTGEN 206-100] Generating core module 'cholesky_top_fmuleOg': 1 instance(s).
INFO: [RTGEN 206-100] Generating core module 'cholesky_top_frsqhbi': 1 instance(s).
INFO: [RTGEN 206-100] Generating core module 'cholesky_top_fsqrg8j': 1 instance(s).
INFO: [RTGEN 206-100] Generating core module 'cholesky_top_mux_ibs': 6 instance(s).
INFO: [RTGEN 206-100] Finished creating RTL model for 'cholesky_alt2'.
INFO: [HLS 200-111]  Elapsed time: 0.7 seconds; current allocated memory: 1.894 GB.
INFO: [HLS 200-10] ----------------------------------------------------------------
INFO: [HLS 200-10] -- Generating RTL for module 'cholesky_top'
INFO: [HLS 200-10] ----------------------------------------------------------------
INFO: [RTGEN 206-500] Setting interface mode on port 'cholesky_top/A' to 'ap_memory'.
INFO: [RTGEN 206-500] Setting interface mode on port 'cholesky_top/L' to 'ap_memory'.
INFO: [RTGEN 206-500] Setting interface mode on function 'cholesky_top' to 'ap_ctrl_hs'.
INFO: [SYN 201-210] Renamed object name 'cholesky_top_L_0_assign' to 'cholesky_top_L_0_jbC' due to the length limit 20
INFO: [SYN 201-210] Renamed object name 'cholesky_top_L_1_assign' to 'cholesky_top_L_1_kbM' due to the length limit 20
INFO: [RTGEN 206-100] Finished creating RTL model for 'cholesky_top'.
INFO: [HLS 200-111]  Elapsed time: 1.31 seconds; current allocated memory: 1.899 GB.
INFO: [RTMG 210-278] Implementing memory 'cholesky_alt2_L_ibkb_ram (RAM)' using block RAMs.
INFO: [HLS 200-111] Finished generating all RTL models Time (s): cpu = 00:03:23 ; elapsed = 00:02:26 . Memory (MB): peak = 2569.934 ; gain = 2223.367 ; free physical = 120689 ; free virtual = 126463
INFO: [SYSC 207-301] Generating SystemC RTL for cholesky_top.
INFO: [VHDL 208-304] Generating VHDL RTL for cholesky_top.
INFO: [VLOG 209-307] Generating Verilog RTL for cholesky_top.
INFO: [COSIM 212-47] Using XSIM for RTL simulation.
INFO: [COSIM 212-14] Instrumenting C test bench ...
   Build using "/opt/tools/xilinx/Vivado/2017.4/lnx64/tools/gcc/bin/g++"
   Compiling cholesky.cpp_pre.cpp.tb.cpp
   Compiling apatb_cholesky_top.cpp
   Compiling cholesky_tb.cpp_pre.cpp.tb.cpp
   Generating cosim.tv.exe
INFO: [COSIM 212-302] Starting C TB testing ... 
A = 
   |(8.9265213013)    (0.7287214398)    (0.8471376300)    (1.0789612532)    (0.7524039149)    (0.8787824512)    (1.5182510614)    (1.2494630814) |
   |(0.7287214398)    (9.4054050446)    (0.2737773955)    (0.9739928246)    (0.9809196591)    (1.3217947483)    (0.5421996117)    (1.8062071800) |
   |(0.8471376300)    (0.2737773955)    (9.0500907898)    (1.2495092154)    (0.8040632010)    (0.8179290295)    (1.0507547855)    (0.4049092531) |
   |(1.0789612532)    (0.9739928246)    (1.2495092154)    (9.3073997498)    (1.6845599413)    (0.5542744398)    (1.8719916344)    (1.4471089840) |
   |(0.7524039149)    (0.9809196591)    (0.8040632010)    (1.6845599413)    (8.4573392868)    (0.8803271651)    (1.2112936974)    (1.2761927843) |
   |(0.8787824512)    (1.3217947483)    (0.8179290295)    (0.5542744398)    (0.8803271651)    (8.6348552704)    (0.8745585680)    (1.1763190031) |
   |(1.5182510614)    (0.5421996117)    (1.0507547855)    (1.8719916344)    (1.2112936974)    (0.8745585680)    (9.7334995270)    (0.7733758688) |
   |(1.2494630814)    (1.8062071800)    (0.4049092531)    (1.4471089840)    (1.2761927843)    (1.1763190031)    (0.7733758688)    (8.0502700806) |
L = 
   |(2.9877283573)    (0.0000000000)    (0.0000000000)    (0.0000000000)    (0.0000000000)    (0.0000000000)    (0.0000000000)    (0.0000000000) |
   |(0.2439048439)    (3.0571091175)    (0.0000000000)    (0.0000000000)    (0.0000000000)    (0.0000000000)    (0.0000000000)    (0.0000000000) |
   |(0.2835390270)    (0.0669327974)    (2.9941971302)    (0.0000000000)    (0.0000000000)    (0.0000000000)    (0.0000000000)    (0.0000000000) |
   |(0.3611309528)    (0.2897872329)    (0.3766345680)    (2.9918479919)    (0.0000000000)    (0.0000000000)    (0.0000000000)    (0.0000000000) |
   |(0.2518314123)    (0.3007732928)    (0.2379694879)    (0.4735628664)    (2.8324131966)    (0.0000000000)    (0.0000000000)    (0.0000000000) |
   |(0.2941306233)    (0.4089009464)    (0.2361776978)    (0.0804211348)    (0.2079434693)    (2.8767437935)    (0.0000000000)    (0.0000000000) |
   |(0.5081623197)    (0.1368143260)    (0.2997509837)    (0.5133733153)    (0.2569279969)    (0.1750736088)    (3.0010809898)    (0.0000000000) |
   |(0.4181983471)    (0.5574569106)    (0.0831680521)    (0.3687409759)    (0.2855500281)    (0.2491338253)    (0.0511086248)    (2.6973166466) |
A reconstructed = 
   |(8.9265203476)    (0.7287214398)    (0.8471375704)    (1.0789611340)    (0.7524038553)    (0.8787823915)    (1.5182509422)    (1.2494630814) |
   |(0.7287214398)    (9.4054050446)    (0.2737774253)    (0.9739927649)    (0.9809196591)    (1.3217947483)    (0.5421995521)    (1.8062071800) |
   |(0.8471375704)    (0.2737774253)    (9.0500907898)    (1.2495090961)    (0.8040632010)    (0.8179289699)    (1.0507546663)    (0.4049092531) |
   |(1.0789611340)    (0.9739927649)    (1.2495090961)    (9.3074007034)    (1.6845600605)    (0.5542744398)    (1.8719916344)    (1.4471092224) |
   |(0.7524038553)    (0.9809196591)    (0.8040632010)    (1.6845600605)    (8.4573402405)    (0.8803271651)    (1.2112936974)    (1.2761927843) |
   |(0.8787823915)    (1.3217947483)    (0.8179289699)    (0.5542744398)    (0.8803271651)    (8.6348552704)    (0.8745585680)    (1.1763190031) |
   |(1.5182509422)    (0.5421995521)    (1.0507546663)    (1.8719916344)    (1.2112936974)    (0.8745585680)    (9.7334995270)    (0.7733759284) |
   |(1.2494630814)    (1.8062071800)    (0.4049092531)    (1.4471092224)    (1.2761927843)    (1.1763190031)    (0.7733759284)    (8.0502700806) |
INFO: [COSIM 212-333] Generating C post check test bench ...
INFO: [COSIM 212-12] Generating RTL test bench ...
INFO: [COSIM 212-323] Starting verilog simulation. 
INFO: [COSIM 212-15] Starting XSIM ...
INFO: [XSIM 43-3496] Using init file passed via -initfile option "/opt/tools/xilinx/Vivado/2017.4/data/xsim/ip/xsim_ip.ini".
Vivado Simulator 2017.4
Copyright 1986-1999, 2001-2016 Xilinx, Inc. All Rights Reserved.
Running: /opt/tools/xilinx/Vivado/2017.4/bin/unwrapped/lnx64.o/xelab xil_defaultlib.apatb_cholesky_top_top glbl -prj cholesky_top.prj -L smartconnect_v1_0 -L axi_protocol_checker_v1_1_12 -L axi_protocol_checker_v1_1_13 -L axis_protocol_checker_v1_1_11 -L axis_protocol_checker_v1_1_12 -L xil_defaultlib -L unisims_ver --initfile /opt/tools/xilinx/Vivado/2017.4/data/xsim/ip/xsim_ip.ini --lib ieee_proposed=./ieee_proposed -s cholesky_top -debug wave 
Multi-threading is on. Using 70 slave threads.
Determining compilation order of HDL files.
WARNING: [XSIM 43-3431] One or more environment variables have been detected which affect the operation of the C compiler. These are typically not set in standard installations and are not tested by Xilinx, however they may be appropriate for your system, so the flow will attempt to continue.  If errors occur, try running fuse with the "-mt off -v 1" switches to see more information from the C compiler. The following environment variables have been detected:
    LIBRARY_PATH
INFO: [VRFC 10-2263] Analyzing SystemVerilog file "/curr/jieliu15/HLS_design/Cholesky/cholesky_lib/8x8/chol/solution1/sim/verilog/glbl.v" into library work
INFO: [VRFC 10-311] analyzing module glbl
INFO: [VRFC 10-2263] Analyzing SystemVerilog file "/curr/jieliu15/HLS_design/Cholesky/cholesky_lib/8x8/chol/solution1/sim/verilog/cholesky_top_fmuleOg.v" into library xil_defaultlib
INFO: [VRFC 10-311] analyzing module cholesky_top_fmuleOg
INFO: [VRFC 10-2263] Analyzing SystemVerilog file "/curr/jieliu15/HLS_design/Cholesky/cholesky_lib/8x8/chol/solution1/sim/verilog/cholesky_top_mux_ibs.v" into library xil_defaultlib
INFO: [VRFC 10-311] analyzing module cholesky_top_mux_ibs
INFO: [VRFC 10-2263] Analyzing SystemVerilog file "/curr/jieliu15/HLS_design/Cholesky/cholesky_lib/8x8/chol/solution1/sim/verilog/AESL_automem_A.v" into library xil_defaultlib
INFO: [VRFC 10-311] analyzing module AESL_automem_A
INFO: [VRFC 10-2263] Analyzing SystemVerilog file "/curr/jieliu15/HLS_design/Cholesky/cholesky_lib/8x8/chol/solution1/sim/verilog/cholesky_top_fsqrg8j.v" into library xil_defaultlib
INFO: [VRFC 10-311] analyzing module cholesky_top_fsqrg8j
INFO: [VRFC 10-2263] Analyzing SystemVerilog file "/curr/jieliu15/HLS_design/Cholesky/cholesky_lib/8x8/chol/solution1/sim/verilog/cholesky_top_frsqhbi.v" into library xil_defaultlib
INFO: [VRFC 10-311] analyzing module cholesky_top_frsqhbi
INFO: [VRFC 10-2263] Analyzing SystemVerilog file "/curr/jieliu15/HLS_design/Cholesky/cholesky_lib/8x8/chol/solution1/sim/verilog/cholesky_alt2_L_ibkb.v" into library xil_defaultlib
INFO: [VRFC 10-311] analyzing module cholesky_alt2_L_ibkb_ram
INFO: [VRFC 10-311] analyzing module cholesky_alt2_L_ibkb
INFO: [VRFC 10-2263] Analyzing SystemVerilog file "/curr/jieliu15/HLS_design/Cholesky/cholesky_lib/8x8/chol/solution1/sim/verilog/cholesky_top_fadddEe.v" into library xil_defaultlib
INFO: [VRFC 10-311] analyzing module cholesky_top_fadddEe
INFO: [VRFC 10-2263] Analyzing SystemVerilog file "/curr/jieliu15/HLS_design/Cholesky/cholesky_lib/8x8/chol/solution1/sim/verilog/cholesky_top.autotb.v" into library xil_defaultlib
INFO: [VRFC 10-311] analyzing module apatb_cholesky_top_top
INFO: [VRFC 10-2263] Analyzing SystemVerilog file "/curr/jieliu15/HLS_design/Cholesky/cholesky_lib/8x8/chol/solution1/sim/verilog/cholesky_top_fcmpfYi.v" into library xil_defaultlib
INFO: [VRFC 10-311] analyzing module cholesky_top_fcmpfYi
INFO: [VRFC 10-2263] Analyzing SystemVerilog file "/curr/jieliu15/HLS_design/Cholesky/cholesky_lib/8x8/chol/solution1/sim/verilog/cholesky_alt2.v" into library xil_defaultlib
INFO: [VRFC 10-311] analyzing module cholesky_alt2
INFO: [VRFC 10-2263] Analyzing SystemVerilog file "/curr/jieliu15/HLS_design/Cholesky/cholesky_lib/8x8/chol/solution1/sim/verilog/cholesky_top.v" into library xil_defaultlib
INFO: [VRFC 10-311] analyzing module cholesky_top
INFO: [VRFC 10-2263] Analyzing SystemVerilog file "/curr/jieliu15/HLS_design/Cholesky/cholesky_lib/8x8/chol/solution1/sim/verilog/AESL_automem_L.v" into library xil_defaultlib
INFO: [VRFC 10-311] analyzing module AESL_automem_L
INFO: [VRFC 10-163] Analyzing VHDL file "/curr/jieliu15/HLS_design/Cholesky/cholesky_lib/8x8/chol/solution1/sim/verilog/ip/xil_defaultlib/cholesky_top_ap_fsqrt_15_no_dsp_32.vhd" into library xil_defaultlib
INFO: [VRFC 10-307] analyzing entity cholesky_top_ap_fsqrt_15_no_dsp_32
INFO: [VRFC 10-163] Analyzing VHDL file "/curr/jieliu15/HLS_design/Cholesky/cholesky_lib/8x8/chol/solution1/sim/verilog/ip/xil_defaultlib/cholesky_top_ap_faddfsub_7_full_dsp_32.vhd" into library xil_defaultlib
INFO: [VRFC 10-307] analyzing entity cholesky_top_ap_faddfsub_7_full_dsp_32
INFO: [VRFC 10-163] Analyzing VHDL file "/curr/jieliu15/HLS_design/Cholesky/cholesky_lib/8x8/chol/solution1/sim/verilog/ip/xil_defaultlib/cholesky_top_ap_frsqrt_18_full_dsp_32.vhd" into library xil_defaultlib
INFO: [VRFC 10-307] analyzing entity cholesky_top_ap_frsqrt_18_full_dsp_32
INFO: [VRFC 10-163] Analyzing VHDL file "/curr/jieliu15/HLS_design/Cholesky/cholesky_lib/8x8/chol/solution1/sim/verilog/ip/xil_defaultlib/cholesky_top_ap_fmul_3_max_dsp_32.vhd" into library xil_defaultlib
INFO: [VRFC 10-307] analyzing entity cholesky_top_ap_fmul_3_max_dsp_32
INFO: [VRFC 10-163] Analyzing VHDL file "/curr/jieliu15/HLS_design/Cholesky/cholesky_lib/8x8/chol/solution1/sim/verilog/ip/xil_defaultlib/cholesky_top_ap_fcmp_0_no_dsp_32.vhd" into library xil_defaultlib
INFO: [VRFC 10-307] analyzing entity cholesky_top_ap_fcmp_0_no_dsp_32
Starting static elaboration
WARNING: [VRFC 10-1303] range is empty (null range) [/wrk/2017.4/nightly/2017_12_15_2086221/packages/customer/vivado/data/ip/xilinx/mult_gen_v12_0/hdl/mult_gen_v12_0_vh_rfs.vhd:2255]
WARNING: [VRFC 10-1303] range is empty (null range) [/wrk/2017.4/nightly/2017_12_15_2086221/packages/customer/vivado/data/ip/xilinx/mult_gen_v12_0/hdl/mult_gen_v12_0_vh_rfs.vhd:2240]
WARNING: [VRFC 10-1303] range is empty (null range) [/wrk/2017.4/nightly/2017_12_15_2086221/packages/customer/vivado/data/ip/xilinx/floating_point_v7_1/hdl/floating_point_v7_1_vh_rfs.vhd:90362]
WARNING: [VRFC 10-1303] range is empty (null range) [/wrk/2017.4/nightly/2017_12_15_2086221/packages/customer/vivado/data/ip/xilinx/xbip_pipe_v3_0/hdl/xbip_pipe_v3_0_vh_rfs.vhd:375]
WARNING: [VRFC 10-1303] range is empty (null range) [/wrk/2017.4/nightly/2017_12_15_2086221/packages/customer/vivado/data/ip/xilinx/floating_point_v7_1/hdl/floating_point_v7_1_vh_rfs.vhd:12604]
WARNING: [VRFC 10-1303] range is empty (null range) [/wrk/2017.4/nightly/2017_12_15_2086221/packages/customer/vivado/data/ip/xilinx/floating_point_v7_1/hdl/floating_point_v7_1_vh_rfs.vhd:12604]
WARNING: [VRFC 10-1303] range is empty (null range) [/wrk/2017.4/nightly/2017_12_15_2086221/packages/customer/vivado/data/ip/xilinx/xbip_pipe_v3_0/hdl/xbip_pipe_v3_0_vh_rfs.vhd:375]
WARNING: [VRFC 10-1303] range is empty (null range) [/wrk/2017.4/nightly/2017_12_15_2086221/packages/customer/vivado/data/ip/xilinx/xbip_pipe_v3_0/hdl/xbip_pipe_v3_0_vh_rfs.vhd:375]
WARNING: [VRFC 10-1303] range is empty (null range) [/wrk/2017.4/nightly/2017_12_15_2086221/packages/customer/vivado/data/ip/xilinx/xbip_pipe_v3_0/hdl/xbip_pipe_v3_0_vh_rfs.vhd:375]
