
****** Vivado(TM) HLS - High-Level Synthesis from C, C++ and SystemC v2017.4 (64-bit)
  **** SW Build 2086221 on Fri Dec 15 20:54:30 MST 2017
  **** IP Build 2085800 on Fri Dec 15 22:25:07 MST 2017
    ** Copyright 1986-2017 Xilinx, Inc. All Rights Reserved.

source /opt/tools/xilinx/Vivado/2017.4/scripts/vivado_hls/hls.tcl -notrace
INFO: [HLS 200-10] Running '/opt/tools/xilinx/Vivado/2017.4/bin/unwrapped/lnx64.o/vivado_hls'
INFO: [HLS 200-10] For user 'jieliu15' on host 'u11-jieliu15' (Linux_x86_64 version 4.4.0-124-generic) on Fri Sep 28 05:25:10 PDT 2018
INFO: [HLS 200-10] On os Ubuntu 16.04.5 LTS
INFO: [HLS 200-10] In directory '/curr/jieliu15/HLS_design/Cholesky/cholesky_lib/16x16'
INFO: [HLS 200-10] Creating and opening project '/curr/jieliu15/HLS_design/Cholesky/cholesky_lib/16x16/chol'.
INFO: [HLS 200-10] Adding design file 'cholesky.cpp' to the project
INFO: [HLS 200-10] Adding design file 'cholesky.h' to the project
INFO: [HLS 200-10] Adding test bench file 'cholesky_tb.cpp' to the project
INFO: [HLS 200-10] Creating and opening solution '/curr/jieliu15/HLS_design/Cholesky/cholesky_lib/16x16/chol/solution1'.
INFO: [HLS 200-10] Setting target device to 'xc7vx690tffg1157-2'
INFO: [SYN 201-201] Setting up clock 'default' with a period of 4ns.
INFO: [SIM 211-2] *************** CSIM start ***************
INFO: [SIM 211-4] CSIM will launch GCC as the compiler.
   Compiling ../../../../cholesky_tb.cpp in debug mode
   Compiling ../../../../cholesky.cpp in debug mode
   Generating csim.exe
A = 
   |(16.8422241211)     (0.2291513979)     (0.9744042158)     (1.2557221651)     (1.6083915234)     (1.7303857803)     (1.3419800997)     (0.3590825498)     (1.0589178801)     (1.2013493776)     (1.3384816647)     (0.8842083812)     (0.8631581664)     (1.0623019934)     (0.9824900627)     (0.9809889793) |
   | (0.2291513979)    (17.4463462830)     (0.7990764380)     (1.5596216917)     (0.7205678821)     (0.9818807840)     (0.0643096715)     (1.0096652508)     (1.1914134026)     (0.8706215024)     (1.3054579496)     (0.4308609962)     (1.4943279028)     (1.2268444300)     (1.2660179138)     (0.5610166192) |
   | (0.9744042158)     (0.7990764380)    (16.4554252625)     (1.4303872585)     (1.6484861374)     (1.0012507439)     (0.9138503075)     (0.5768409967)     (0.8567080498)     (1.7197302580)     (0.7616894841)     (1.2881832123)     (0.3713193536)     (0.9150764346)     (1.5784186125)     (1.0778007507) |
   | (1.2557221651)     (1.5596216917)     (1.4303872585)    (16.2757377625)     (0.4619668722)     (0.5285898447)     (0.7461594939)     (0.3001869917)     (1.1177264452)     (1.5861384869)     (1.3271895647)     (0.8619696498)     (1.4337929487)     (1.3490703106)     (1.2215505838)     (1.9730784893) |
   | (1.6083915234)     (0.7205678821)     (1.6484861374)     (0.4619668722)    (16.5910148621)     (1.5667222738)     (1.2573598623)     (1.3074851036)     (1.0343593359)     (1.5836720467)     (0.9112881422)     (0.7926974893)     (1.5471009016)     (0.6338404417)     (0.7688161731)     (1.4352482557) |
   | (1.7303857803)     (0.9818807840)     (1.0012507439)     (0.5285898447)     (1.5667222738)    (16.9093894958)     (0.6377043724)     (0.3168217242)     (1.1232149601)     (0.7071968317)     (1.5639076233)     (1.4979170561)     (0.7360854149)     (0.2782410681)     (1.7368460894)     (1.7613016367) |
   | (1.3419800997)     (0.0643096715)     (0.9138503075)     (0.7461594939)     (1.2573598623)     (0.6377043724)    (16.5381088257)     (0.7171967626)     (1.2890948057)     (1.3735386133)     (0.9755171537)     (1.0333060026)     (1.8026016951)     (1.0247678757)     (0.9892700911)     (0.5411494374) |
   | (0.3590825498)     (1.0096652508)     (0.5768409967)     (0.3001869917)     (1.3074851036)     (0.3168217242)     (0.7171967626)    (17.1145896912)     (1.2581467628)     (1.1471605301)     (1.1331568956)     (0.6204633713)     (0.3993524909)     (0.8418177366)     (1.2100256681)     (1.0995486975) |
   | (1.0589178801)     (1.1914134026)     (0.8567080498)     (1.1177264452)     (1.0343593359)     (1.1232149601)     (1.2890948057)     (1.2581467628)    (17.7888946533)     (0.4600069821)     (0.4219275415)     (1.6584070921)     (1.5846141577)     (0.8658080101)     (0.6645289660)     (0.9040012956) |
   | (1.2013493776)     (0.8706215024)     (1.7197302580)     (1.5861384869)     (1.5836720467)     (0.7071968317)     (1.3735386133)     (1.1471605301)     (0.4600069821)    (17.1045227051)     (1.3359981775)     (0.6870714426)     (0.9168632030)     (0.9674792290)     (0.5561133623)     (1.0256010294) |
   | (1.3384816647)     (1.3054579496)     (0.7616894841)     (1.3271895647)     (0.9112881422)     (1.5639076233)     (0.9755171537)     (1.1331568956)     (0.4219275415)     (1.3359981775)    (17.3253078461)     (1.1182243824)     (0.9054954648)     (0.8327869773)     (1.3447387218)     (1.3396271467) |
   | (0.8842083812)     (0.4308609962)     (1.2881832123)     (0.8619696498)     (0.7926974893)     (1.4979170561)     (1.0333060026)     (0.6204633713)     (1.6584070921)     (0.6870714426)     (1.1182243824)    (16.2772026062)     (0.9492314458)     (1.2503098249)     (1.5285128355)     (1.0076686144) |
   | (0.8631581664)     (1.4943279028)     (0.3713193536)     (1.4337929487)     (1.5471009016)     (0.7360854149)     (1.8026016951)     (0.3993524909)     (1.5846141577)     (0.9168632030)     (0.9054954648)     (0.9492314458)    (17.2405567169)     (0.9054293036)     (0.8970565200)     (0.7306831479) |
   | (1.0623019934)     (1.2268444300)     (0.9150764346)     (1.3490703106)     (0.6338404417)     (0.2782410681)     (1.0247678757)     (0.8418177366)     (0.8658080101)     (0.9674792290)     (0.8327869773)     (1.2503098249)     (0.9054293036)    (17.8600807190)     (0.9814529419)     (0.3551470339) |
   | (0.9824900627)     (1.2660179138)     (1.5784186125)     (1.2215505838)     (0.7688161731)     (1.7368460894)     (0.9892700911)     (1.2100256681)     (0.6645289660)     (0.5561133623)     (1.3447387218)     (1.5285128355)     (0.8970565200)     (0.9814529419)    (16.1413688660)     (1.0614691973) |
   | (0.9809889793)     (0.5610166192)     (1.0778007507)     (1.9730784893)     (1.4352482557)     (1.7613016367)     (0.5411494374)     (1.0995486975)     (0.9040012956)     (1.0256010294)     (1.3396271467)     (1.0076686144)     (0.7306831479)     (0.3551470339)     (1.0614691973)    (16.9511451721) |
L = 
   | (4.1039280891)     (0.0000000000)     (0.0000000000)     (0.0000000000)     (0.0000000000)     (0.0000000000)     (0.0000000000)     (0.0000000000)     (0.0000000000)     (0.0000000000)     (0.0000000000)     (0.0000000000)     (0.0000000000)     (0.0000000000)     (0.0000000000)     (0.0000000000) |
   | (0.0558370911)     (4.1765089035)     (0.0000000000)     (0.0000000000)     (0.0000000000)     (0.0000000000)     (0.0000000000)     (0.0000000000)     (0.0000000000)     (0.0000000000)     (0.0000000000)     (0.0000000000)     (0.0000000000)     (0.0000000000)     (0.0000000000)     (0.0000000000) |
   | (0.2374321073)     (0.1881521046)     (4.0452008247)     (0.0000000000)     (0.0000000000)     (0.0000000000)     (0.0000000000)     (0.0000000000)     (0.0000000000)     (0.0000000000)     (0.0000000000)     (0.0000000000)     (0.0000000000)     (0.0000000000)     (0.0000000000)     (0.0000000000) |
   | (0.3059805632)     (0.3693363667)     (0.3184628785)     (3.9930295944)     (0.0000000000)     (0.0000000000)     (0.0000000000)     (0.0000000000)     (0.0000000000)     (0.0000000000)     (0.0000000000)     (0.0000000000)     (0.0000000000)     (0.0000000000)     (0.0000000000)     (0.0000000000) |
   | (0.3919151723)     (0.1672891080)     (0.3767321408)     (0.0401417688)     (4.0330996513)     (0.0000000000)     (0.0000000000)     (0.0000000000)     (0.0000000000)     (0.0000000000)     (0.0000000000)     (0.0000000000)     (0.0000000000)     (0.0000000000)     (0.0000000000)     (0.0000000000) |
   | (0.4216413796)     (0.2294590026)     (0.2120948881)     (0.0619288906)     (0.3175472319)     (4.0656242371)     (0.0000000000)     (0.0000000000)     (0.0000000000)     (0.0000000000)     (0.0000000000)     (0.0000000000)     (0.0000000000)     (0.0000000000)     (0.0000000000)     (0.0000000000) |
   | (0.3269989491)     (0.0110261953)     (0.2062037736)     (0.1443424374)     (0.2588286400)     (0.0891459584)     (4.0364298820)     (0.0000000000)     (0.0000000000)     (0.0000000000)     (0.0000000000)     (0.0000000000)     (0.0000000000)     (0.0000000000)     (0.0000000000)     (0.0000000000) |
   | (0.0874972865)     (0.2405788451)     (0.1262733191)     (0.0361496545)     (0.2935521305)     (0.0252086651)     (0.1428117603)     (4.1139521599)     (0.0000000000)     (0.0000000000)     (0.0000000000)     (0.0000000000)     (0.0000000000)     (0.0000000000)     (0.0000000000)     (0.0000000000) |
   | (0.2580254674)     (0.2818157375)     (0.1835311353)     (0.2194431722)     (0.2003767788)     (0.2050387859)     (0.2630919516)     (0.2516074479)     (4.1648941040)     (0.0000000000)     (0.0000000000)     (0.0000000000)     (0.0000000000)     (0.0000000000)     (0.0000000000)     (0.0000000000) |
   | (0.2927316129)     (0.2045431435)     (0.3984329402)     (0.3240990341)     (0.3152949214)     (0.0816940069)     (0.2620460987)     (0.2134864479)    (-0.0048020706)     (4.0611391068)     (0.0000000000)     (0.0000000000)     (0.0000000000)     (0.0000000000)     (0.0000000000)     (0.0000000000) |
   | (0.3261464834)     (0.3082112074)     (0.1548158675)     (0.2665290534)     (0.1643606573)     (0.3084729612)     (0.1796225309)     (0.2235344350)    (-0.0085644433)     (0.2111629546)     (4.0963239670)     (0.0000000000)     (0.0000000000)     (0.0000000000)     (0.0000000000)     (0.0000000000) |
   | (0.2154541761)     (0.1002824754)     (0.3011369109)     (0.1660658717)     (0.1416695565)     (0.3111259639)     (0.2009888291)     (0.1106777936)     (0.3145186901)     (0.0701314211)     (0.1791722625)     (3.9745447636)     (0.0000000000)     (0.0000000000)     (0.0000000000)     (0.0000000000) |
   | (0.2103248835)     (0.3549816310)     (0.0629365370)     (0.3051034510)     (0.3395227492)     (0.1047544554)     (0.3903642595)     (0.0288080666)     (0.2766794860)     (0.1073598117)     (0.1102086082)     (0.1313514560)     (4.0714025497)     (0.0000000000)     (0.0000000000)     (0.0000000000) |
   | (0.2588500679)     (0.2902881503)     (0.1975177228)     (0.2754177451)     (0.0987736732)     (0.0029948221)     (0.2057777941)     (0.1594515890)     (0.1214574352)     (0.1343467087)     (0.1068801582)     (0.2313490510)     (0.1086876169)     (4.1721515656)     (0.0000000000)     (0.0000000000) |
   | (0.2394023687)     (0.2999276221)     (0.3621933460)     (0.2309471816)     (0.1187909320)     (0.3537561893)     (0.1826800406)     (0.2413641363)     (0.0470484607)     (0.0098490845)     (0.2049392462)     (0.2659180462)     (0.1030930281)     (0.1214565411)     (3.9291591644)     (0.0000000000) |
   | (0.2390366048)     (0.1311309338)     (0.2463099658)     (0.4440403283)     (0.2997724116)     (0.3579998314)     (0.0587526634)     (0.2174352258)     (0.1102272794)     (0.1235380694)     (0.2003658861)     (0.1323789507)     (0.0567782819)    (-0.0195054151)     (0.1174630374)     (4.0308475494) |
A reconstructed = 
   |(16.8422260284)     (0.2291514128)     (0.9744042754)     (1.2557222843)     (1.6083916426)     (1.7303858995)     (1.3419802189)     (0.3590825796)     (1.0589179993)     (1.2013494968)     (1.3384816647)     (0.8842084408)     (0.8631582260)     (1.0623021126)     (0.9824901223)     (0.9809890389) |
   | (0.2291514128)    (17.4463443756)     (0.7990764380)     (1.5596216917)     (0.7205678821)     (0.9818807840)     (0.0643096715)     (1.0096652508)     (1.1914132833)     (0.8706215024)     (1.3054579496)     (0.4308609962)     (1.4943279028)     (1.2268444300)     (1.2660179138)     (0.5610166192) |
   | (0.9744042754)     (0.7990764380)    (16.4554252625)     (1.4303872585)     (1.6484861374)     (1.0012508631)     (0.9138503075)     (0.5768410563)     (0.8567080498)     (1.7197303772)     (0.7616895437)     (1.2881834507)     (0.3713193536)     (0.9150764942)     (1.5784187317)     (1.0778008699) |
   | (1.2557222843)     (1.5596216917)     (1.4303872585)    (16.2757377625)     (0.4619668722)     (0.5285898447)     (0.7461595535)     (0.3001869917)     (1.1177264452)     (1.5861384869)     (1.3271896839)     (0.8619696498)     (1.4337930679)     (1.3490703106)     (1.2215507030)     (1.9730787277) |
   | (1.6083916426)     (0.7205678821)     (1.6484861374)     (0.4619668722)    (16.5910129547)     (1.5667221546)     (1.2573597431)     (1.3074851036)     (1.0343592167)     (1.5836720467)     (0.9112881422)     (0.7926975489)     (1.5471007824)     (0.6338404417)     (0.7688162327)     (1.4352483749) |
   | (1.7303858995)     (0.9818807840)     (1.0012508631)     (0.5285898447)     (1.5667221546)    (16.9093894958)     (0.6377043724)     (0.3168217242)     (1.1232149601)     (0.7071968317)     (1.5639076233)     (1.4979170561)     (0.7360854149)     (0.2782410681)     (1.7368460894)     (1.7613015175) |
   | (1.3419802189)     (0.0643096715)     (0.9138503075)     (0.7461595535)     (1.2573597431)     (0.6377043724)    (16.5381107330)     (0.7171967030)     (1.2890950441)     (1.3735386133)     (0.9755171537)     (1.0333060026)     (1.8026019335)     (1.0247678757)     (0.9892700911)     (0.5411494374) |
   | (0.3590825796)     (1.0096652508)     (0.5768410563)     (0.3001869917)     (1.3074851036)     (0.3168217242)     (0.7171967030)    (17.1145915985)     (1.2581467628)     (1.1471606493)     (1.1331568956)     (0.6204634905)     (0.3993524909)     (0.8418177962)     (1.2100257874)     (1.0995489359) |
   | (1.0589179993)     (1.1914132833)     (0.8567080498)     (1.1177264452)     (1.0343592167)     (1.1232149601)     (1.2890950441)     (1.2581467628)    (17.7888946533)     (0.4600069523)     (0.4219275415)     (1.6584069729)     (1.5846142769)     (0.8658078909)     (0.6645289660)     (0.9040013552) |
   | (1.2013494968)     (0.8706215024)     (1.7197303772)     (1.5861384869)     (1.5836720467)     (0.7071968317)     (1.3735386133)     (1.1471606493)     (0.4600069523)    (17.1045227051)     (1.3359980583)     (0.6870714426)     (0.9168632030)     (0.9674791098)     (0.5561133623)     (1.0256011486) |
   | (1.3384816647)     (1.3054579496)     (0.7616895437)     (1.3271896839)     (0.9112881422)     (1.5639076233)     (0.9755171537)     (1.1331568956)     (0.4219275415)     (1.3359980583)    (17.3253078461)     (1.1182243824)     (0.9054954052)     (0.8327869773)     (1.3447384834)     (1.3396270275) |
   | (0.8842084408)     (0.4308609962)     (1.2881834507)     (0.8619696498)     (0.7926975489)     (1.4979170561)     (1.0333060026)     (0.6204634905)     (1.6584069729)     (0.6870714426)     (1.1182243824)    (16.2772026062)     (0.9492315054)     (1.2503099442)     (1.5285129547)     (1.0076686144) |
   | (0.8631582260)     (1.4943279028)     (0.3713193536)     (1.4337930679)     (1.5471007824)     (0.7360854149)     (1.8026019335)     (0.3993524909)     (1.5846142769)     (0.9168632030)     (0.9054954052)     (0.9492315054)    (17.2405567169)     (0.9054293633)     (0.8970565796)     (0.7306831479) |
   | (1.0623021126)     (1.2268444300)     (0.9150764942)     (1.3490703106)     (0.6338404417)     (0.2782410681)     (1.0247678757)     (0.8418177962)     (0.8658078909)     (0.9674791098)     (0.8327869773)     (1.2503099442)     (0.9054293633)    (17.8600826263)     (0.9814529419)     (0.3551470041) |
   | (0.9824901223)     (1.2660179138)     (1.5784187317)     (1.2215507030)     (0.7688162327)     (1.7368460894)     (0.9892700911)     (1.2100257874)     (0.6645289660)     (0.5561133623)     (1.3447384834)     (1.5285129547)     (0.8970565796)     (0.9814529419)    (16.1413688660)     (1.0614693165) |
   | (0.9809890389)     (0.5610166192)     (1.0778008699)     (1.9730787277)     (1.4352483749)     (1.7613015175)     (0.5411494374)     (1.0995489359)     (0.9040013552)     (1.0256011486)     (1.3396270275)     (1.0076686144)     (0.7306831479)     (0.3551470041)     (1.0614693165)    (16.9511470795) |
INFO: [SIM 211-1] CSim done with 0 errors.
INFO: [SIM 211-3] *************** CSIM finish ***************
INFO: [HLS 200-10] Analyzing design file 'cholesky.cpp' ...
INFO: [HLS 200-10] Validating synthesis directives ...
WARNING: [HLS 200-40] Directive 'RESOURCE' for core 'ROM_1P_LUTRAM' cannot be applied: Variable 'fourth_order_double::sin_cos_K0' can not be recognized(UNKNOWN VARIABLE) in 'sin_or_cos_approximation'.
WARNING: [HLS 200-40] Directive 'RESOURCE' for core 'ROM_1P_LUTRAM' cannot be applied: Variable 'second_order_float::sin_K2' can not be recognized(UNKNOWN VARIABLE) in 'sincos_approximation'.
WARNING: [HLS 200-40] Directive 'RESOURCE' for core 'ROM_1P_LUTRAM' cannot be applied: Variable 'fourth_order_double::sin_K3' can not be recognized(UNKNOWN VARIABLE) in 'sincos_approximation'.
WARNING: [HLS 200-40] Directive 'RESOURCE' for core 'ROM_1P_LUTRAM' cannot be applied: Variable 'second_order_float::sin_K1' can not be recognized(UNKNOWN VARIABLE) in 'sincos_approximation'.
WARNING: [HLS 200-40] Directive 'RESOURCE' for core 'ROM_1P_LUTRAM' cannot be applied: Variable 'fourth_order_double::cos_K4' can not be recognized(UNKNOWN VARIABLE) in 'sincos_approximation'.
WARNING: [HLS 200-40] Directive 'RESOURCE' for core 'ROM_1P_LUTRAM' cannot be applied: Variable 'fourth_order_double::sin_K2' can not be recognized(UNKNOWN VARIABLE) in 'sincos_approximation'.
WARNING: [HLS 200-40] Directive 'RESOURCE' for core 'ROM_1P_LUTRAM' cannot be applied: Variable 'second_order_float::cos_K1' can not be recognized(UNKNOWN VARIABLE) in 'sincos_approximation'.
WARNING: [HLS 200-40] Directive 'RESOURCE' for core 'ROM_1P_LUTRAM' cannot be applied: Variable 'fourth_order_double::sin_cos_K2' can not be recognized(UNKNOWN VARIABLE) in 'sin_or_cos_approximation'.
WARNING: [HLS 200-40] Directive 'RESOURCE' for core 'ROM_1P_LUTRAM' cannot be applied: Variable 'second_order_float::sin_cos_K0' can not be recognized(UNKNOWN VARIABLE) in 'sin_or_cos_approximation'.
WARNING: [HLS 200-40] Directive 'RESOURCE' for core 'ROM_1P_LUTRAM' cannot be applied: Variable 'fourth_order_double::cos_K1' can not be recognized(UNKNOWN VARIABLE) in 'sincos_approximation'.
WARNING: [HLS 200-40] Directive 'RESOURCE' for core 'ROM_1P_LUTRAM' cannot be applied: Variable 'second_order_float::cos_K2' can not be recognized(UNKNOWN VARIABLE) in 'sincos_approximation'.
WARNING: [HLS 200-40] Directive 'RESOURCE' for core 'ROM_1P_LUTRAM' cannot be applied: Variable 'fourth_order_double::cos_K0' can not be recognized(UNKNOWN VARIABLE) in 'sincos_approximation'.
WARNING: [HLS 200-40] Directive 'RESOURCE' for core 'ROM_1P_LUTRAM' cannot be applied: Variable 'fourth_order_double::sin_K4' can not be recognized(UNKNOWN VARIABLE) in 'sincos_approximation'.
WARNING: [HLS 200-40] Directive 'RESOURCE' for core 'ROM_1P_LUTRAM' cannot be applied: Variable 'fourth_order_double::sin_cos_K3' can not be recognized(UNKNOWN VARIABLE) in 'sin_or_cos_approximation'.
WARNING: [HLS 200-40] Directive 'RESOURCE' for core 'ROM_1P_LUTRAM' cannot be applied: Variable 'fourth_order_double::sin_cos_K4' can not be recognized(UNKNOWN VARIABLE) in 'sin_or_cos_approximation'.
WARNING: [HLS 200-40] Directive 'RESOURCE' for core 'ROM_1P_LUTRAM' cannot be applied: Variable 'second_order_float::sin_cos_K1' can not be recognized(UNKNOWN VARIABLE) in 'sin_or_cos_approximation'.
WARNING: [HLS 200-40] Directive 'RESOURCE' for core 'ROM_1P_LUTRAM' cannot be applied: Variable 'second_order_float::sin_K0' can not be recognized(UNKNOWN VARIABLE) in 'sincos_approximation'.
WARNING: [HLS 200-40] Directive 'RESOURCE' for core 'ROM_1P_LUTRAM' cannot be applied: Variable 'second_order_float::sin_cos_K2' can not be recognized(UNKNOWN VARIABLE) in 'sin_or_cos_approximation'.
WARNING: [HLS 200-40] Directive 'RESOURCE' for core 'ROM_1P_LUTRAM' cannot be applied: Variable 'fourth_order_double::sin_K0' can not be recognized(UNKNOWN VARIABLE) in 'sincos_approximation'.
WARNING: [HLS 200-40] Directive 'RESOURCE' for core 'ROM_1P_LUTRAM' cannot be applied: Variable 'second_order_float::cos_K0' can not be recognized(UNKNOWN VARIABLE) in 'sincos_approximation'.
WARNING: [HLS 200-40] Directive 'RESOURCE' for core 'ROM_1P_LUTRAM' cannot be applied: Variable 'fourth_order_double::cos_K2' can not be recognized(UNKNOWN VARIABLE) in 'sincos_approximation'.
WARNING: [HLS 200-40] Directive 'RESOURCE' for core 'ROM_1P_LUTRAM' cannot be applied: Variable 'fourth_order_double::sin_cos_K1' can not be recognized(UNKNOWN VARIABLE) in 'sin_or_cos_approximation'.
WARNING: [HLS 200-40] Directive 'RESOURCE' for core 'ROM_1P_LUTRAM' cannot be applied: Variable 'first_order_fixed_16::sin_cos_K1' can not be recognized(UNKNOWN VARIABLE) in 'sin_or_cos_approximation'.
WARNING: [HLS 200-40] Directive 'RESOURCE' for core 'ROM_1P_LUTRAM' cannot be applied: Variable 'fourth_order_double::cos_K3' can not be recognized(UNKNOWN VARIABLE) in 'sincos_approximation'.
WARNING: [HLS 200-40] Directive 'RESOURCE' for core 'ROM_1P_LUTRAM' cannot be applied: Variable 'fourth_order_double::sin_K1' can not be recognized(UNKNOWN VARIABLE) in 'sincos_approximation'.
WARNING: [HLS 200-40] Directive 'RESOURCE' for core 'ROM_1P_LUTRAM' cannot be applied: Variable 'first_order_fixed_16::sin_cos_K0' can not be recognized(UNKNOWN VARIABLE) in 'sin_or_cos_approximation'.
INFO: [HLS 200-111] Finished Checking Pragmas Time (s): cpu = 00:02:02 ; elapsed = 00:00:37 . Memory (MB): peak = 359.941 ; gain = 13.375 ; free physical = 122251 ; free virtual = 127498
INFO: [HLS 200-111] Finished Linking Time (s): cpu = 00:02:48 ; elapsed = 00:01:28 . Memory (MB): peak = 359.941 ; gain = 13.375 ; free physical = 120199 ; free virtual = 126030
INFO: [HLS 200-10] Starting code transformations ...
INFO: [HLS 200-111] Finished Standard Transforms Time (s): cpu = 00:03:14 ; elapsed = 00:02:00 . Memory (MB): peak = 1319.949 ; gain = 973.383 ; free physical = 119513 ; free virtual = 125690
INFO: [HLS 200-10] Checking synthesizability ...
INFO: [XFORM 203-602] Inlining function 'hls::hls_rsr::generic_sqrt' into 'hls::sqrtf' (/wrk/2017.4/nightly/2017_12_15_2086221/src/products/hls/hls_lib/hlsmath/src/libhlsmc++-Part2.cpp:128) automatically.
INFO: [XFORM 203-602] Inlining function 'hls::sqrtf' into 'hls::x_sqrt' (/opt/tools/xilinx/Vivado/2017.4/common/technology/autopilot/hls/linear_algebra/utils/x_hls_matrix_utils.h:110) automatically.
INFO: [XFORM 203-602] Inlining function 'hls::x_sqrt' into 'hls::cholesky_sqrt_op<float, float>' (/opt/tools/xilinx/Vivado/2017.4/common/technology/autopilot/hls/linear_algebra/hls_cholesky.h:165) automatically.
INFO: [XFORM 203-602] Inlining function 'hls::rsqrtf' into 'hls::x_rsqrt' (/opt/tools/xilinx/Vivado/2017.4/common/technology/autopilot/hls/linear_algebra/utils/x_hls_matrix_utils.h:164) automatically.
INFO: [XFORM 203-602] Inlining function 'hls::x_rsqrt' into 'hls::cholesky_rsqrt<float, float>' (/opt/tools/xilinx/Vivado/2017.4/common/technology/autopilot/hls/linear_algebra/hls_cholesky.h:189) automatically.
INFO: [XFORM 203-602] Inlining function 'hls::cholesky_sqrt_op<float, float>' into 'hls::cholesky_alt2<true, 16, MY_CONFIG, float, float>' (/opt/tools/xilinx/Vivado/2017.4/common/technology/autopilot/hls/linear_algebra/hls_cholesky.h:499) automatically.
INFO: [XFORM 203-602] Inlining function 'hls::x_real<float>' into 'hls::cholesky_alt2<true, 16, MY_CONFIG, float, float>' (/opt/tools/xilinx/Vivado/2017.4/common/technology/autopilot/hls/linear_algebra/hls_cholesky.h:509) automatically.
INFO: [XFORM 203-602] Inlining function 'hls::cholesky_rsqrt<float, float>' into 'hls::cholesky_alt2<true, 16, MY_CONFIG, float, float>' (/opt/tools/xilinx/Vivado/2017.4/common/technology/autopilot/hls/linear_algebra/hls_cholesky.h:509) automatically.
INFO: [XFORM 203-602] Inlining function 'hls::x_conj<float>' into 'hls::cholesky_alt2<true, 16, MY_CONFIG, float, float>' (/opt/tools/xilinx/Vivado/2017.4/common/technology/autopilot/hls/linear_algebra/hls_cholesky.h:522) automatically.
INFO: [XFORM 203-602] Inlining function 'hls::cholesky_prod_sum_mult<float, float, float>' into 'hls::cholesky_alt2<true, 16, MY_CONFIG, float, float>' (/opt/tools/xilinx/Vivado/2017.4/common/technology/autopilot/hls/linear_algebra/hls_cholesky.h:559) automatically.
INFO: [XFORM 203-602] Inlining function 'hls::x_conj_sq<float>' into 'hls::cholesky_alt2<true, 16, MY_CONFIG, float, float>' (/opt/tools/xilinx/Vivado/2017.4/common/technology/autopilot/hls/linear_algebra/hls_cholesky.h:564) automatically.
INFO: [XFORM 203-602] Inlining function 'hls::cholesky_top<true, 16, MY_CONFIG, float, float>' into 'cholesky_top' (cholesky.cpp:56) automatically.
INFO: [HLS 200-111] Finished Checking Synthesizability Time (s): cpu = 00:03:21 ; elapsed = 00:02:07 . Memory (MB): peak = 1801.926 ; gain = 1455.359 ; free physical = 118489 ; free virtual = 124716
WARNING: [XFORM 203-561] Updating loop lower bound from 0 to 1 for loop 'sum_loop' (/opt/tools/xilinx/Vivado/2017.4/common/technology/autopilot/hls/linear_algebra/hls_cholesky.h:519:1) in function 'hls::cholesky_alt2<true, 16, MY_CONFIG, float, float>'.
INFO: [XFORM 203-501] Unrolling loop 'row_loop' (/opt/tools/xilinx/Vivado/2017.4/common/technology/autopilot/hls/linear_algebra/hls_cholesky.h:530) in function 'hls::cholesky_alt2<true, 16, MY_CONFIG, float, float>' partially with a factor of 2.
INFO: [XFORM 203-101] Partitioning array 'a_i' (cholesky.cpp:45) in dimension 1 with a cyclic factor 2.
INFO: [XFORM 203-101] Partitioning array 'l_i'  in dimension 1 with a cyclic factor 2.
INFO: [XFORM 203-101] Partitioning array 'L_internal' (/opt/tools/xilinx/Vivado/2017.4/common/technology/autopilot/hls/linear_algebra/hls_cholesky.h:468) in dimension 1 with a cyclic factor 2.
INFO: [XFORM 203-101] Partitioning array 'square_sum_array' (/opt/tools/xilinx/Vivado/2017.4/common/technology/autopilot/hls/linear_algebra/hls_cholesky.h:470) in dimension 1 with a cyclic factor 2.
INFO: [XFORM 203-101] Partitioning array 'product_sum_array' (/opt/tools/xilinx/Vivado/2017.4/common/technology/autopilot/hls/linear_algebra/hls_cholesky.h:479) in dimension 1 with a cyclic factor 2.
INFO: [XFORM 203-602] Inlining function 'hls::hls_rsr::generic_sqrt' into 'hls::sqrtf' (/wrk/2017.4/nightly/2017_12_15_2086221/src/products/hls/hls_lib/hlsmath/src/libhlsmc++-Part2.cpp:128) automatically.
INFO: [XFORM 203-602] Inlining function 'hls::sqrtf' into 'hls::x_sqrt' (/opt/tools/xilinx/Vivado/2017.4/common/technology/autopilot/hls/linear_algebra/utils/x_hls_matrix_utils.h:110) automatically.
INFO: [XFORM 203-602] Inlining function 'hls::x_sqrt' into 'hls::cholesky_sqrt_op<float, float>' (/opt/tools/xilinx/Vivado/2017.4/common/technology/autopilot/hls/linear_algebra/hls_cholesky.h:165) automatically.
INFO: [XFORM 203-602] Inlining function 'hls::rsqrtf' into 'hls::x_rsqrt' (/opt/tools/xilinx/Vivado/2017.4/common/technology/autopilot/hls/linear_algebra/utils/x_hls_matrix_utils.h:164) automatically.
INFO: [XFORM 203-602] Inlining function 'hls::x_rsqrt' into 'hls::cholesky_rsqrt<float, float>' (/opt/tools/xilinx/Vivado/2017.4/common/technology/autopilot/hls/linear_algebra/hls_cholesky.h:189) automatically.
INFO: [XFORM 203-602] Inlining function 'hls::cholesky_sqrt_op<float, float>' into 'hls::cholesky_alt2<true, 16, MY_CONFIG, float, float>' (/opt/tools/xilinx/Vivado/2017.4/common/technology/autopilot/hls/linear_algebra/hls_cholesky.h:499) automatically.
INFO: [XFORM 203-602] Inlining function 'hls::x_real<float>' into 'hls::cholesky_alt2<true, 16, MY_CONFIG, float, float>' (/opt/tools/xilinx/Vivado/2017.4/common/technology/autopilot/hls/linear_algebra/hls_cholesky.h:509) automatically.
INFO: [XFORM 203-602] Inlining function 'hls::cholesky_rsqrt<float, float>' into 'hls::cholesky_alt2<true, 16, MY_CONFIG, float, float>' (/opt/tools/xilinx/Vivado/2017.4/common/technology/autopilot/hls/linear_algebra/hls_cholesky.h:509) automatically.
INFO: [XFORM 203-602] Inlining function 'hls::x_conj<float>' into 'hls::cholesky_alt2<true, 16, MY_CONFIG, float, float>' (/opt/tools/xilinx/Vivado/2017.4/common/technology/autopilot/hls/linear_algebra/hls_cholesky.h:522) automatically.
INFO: [XFORM 203-602] Inlining function 'hls::cholesky_prod_sum_mult<float, float, float>' into 'hls::cholesky_alt2<true, 16, MY_CONFIG, float, float>' (/opt/tools/xilinx/Vivado/2017.4/common/technology/autopilot/hls/linear_algebra/hls_cholesky.h:559) automatically.
INFO: [XFORM 203-602] Inlining function 'hls::x_conj_sq<float>' into 'hls::cholesky_alt2<true, 16, MY_CONFIG, float, float>' (/opt/tools/xilinx/Vivado/2017.4/common/technology/autopilot/hls/linear_algebra/hls_cholesky.h:564) automatically.
INFO: [XFORM 203-602] Inlining function 'hls::cholesky_top<true, 16, MY_CONFIG, float, float>' into 'cholesky_top' (cholesky.cpp:56) automatically.
INFO: [XFORM 203-401] Performing if-conversion on hyperblock to (/opt/tools/xilinx/Vivado/2017.4/common/technology/autopilot/hls/linear_algebra/hls_cholesky.h:552:13) in function 'hls::cholesky_alt2<true, 16, MY_CONFIG, float, float>'... converting 4 basic blocks.
INFO: [XFORM 203-401] Performing if-conversion on hyperblock to (/opt/tools/xilinx/Vivado/2017.4/common/technology/autopilot/hls/linear_algebra/hls_cholesky.h:552:13) in function 'hls::cholesky_alt2<true, 16, MY_CONFIG, float, float>'... converting 4 basic blocks.
INFO: [XFORM 203-401] Performing if-conversion on hyperblock from (/opt/tools/xilinx/Vivado/2017.4/common/technology/autopilot/hls/linear_algebra/hls_cholesky.h:211:37) in function 'hls::cholesky_alt2<true, 16, MY_CONFIG, float, float>'... converting 3 basic blocks.
INFO: [XFORM 203-401] Performing if-conversion on hyperblock from (/opt/tools/xilinx/Vivado/2017.4/common/technology/autopilot/hls/linear_algebra/hls_cholesky.h:211:37) in function 'hls::cholesky_alt2<true, 16, MY_CONFIG, float, float>'... converting 3 basic blocks.
INFO: [XFORM 203-401] Performing if-conversion on hyperblock from (/opt/tools/xilinx/Vivado/2017.4/common/technology/autopilot/hls/linear_algebra/hls_cholesky.h:517:46) to (/opt/tools/xilinx/Vivado/2017.4/common/technology/autopilot/hls/linear_algebra/hls_cholesky.h:530:32) in function 'hls::cholesky_alt2<true, 16, MY_CONFIG, float, float>'... converting 4 basic blocks.
INFO: [XFORM 203-401] Performing if-conversion on hyperblock from (/opt/tools/xilinx/Vivado/2017.4/common/technology/autopilot/hls/linear_algebra/hls_cholesky.h:490:48) to (/opt/tools/xilinx/Vivado/2017.4/common/technology/autopilot/hls/linear_algebra/hls_cholesky.h:512:9) in function 'hls::cholesky_alt2<true, 16, MY_CONFIG, float, float>'... converting 11 basic blocks.
INFO: [XFORM 203-401] Performing if-conversion on hyperblock from (cholesky.cpp:63:51) to (cholesky.cpp:63:45) in function 'cholesky_top'... converting 4 basic blocks.
INFO: [HLS 200-111] Finished Pre-synthesis Time (s): cpu = 00:03:32 ; elapsed = 00:02:22 . Memory (MB): peak = 2417.160 ; gain = 2070.594 ; free physical = 117392 ; free virtual = 123971
WARNING: [XFORM 203-542] Cannot flatten a loop nest 'zero_rows_loop' (/opt/tools/xilinx/Vivado/2017.4/common/technology/autopilot/hls/linear_algebra/hls_cholesky.h:593:61) in function 'hls::cholesky_alt2<true, 16, MY_CONFIG, float, float>' : 

the outer loop is not a perfect loop.
WARNING: [XFORM 203-631] Renaming function 'hls::cholesky_alt2<true, 16, MY_CONFIG, float, float>' to 'cholesky_alt2' (/opt/tools/xilinx/Vivado/2017.4/common/technology/autopilot/hls/linear_algebra/hls_cholesky.h:161:11)
INFO: [HLS 200-111] Finished Architecture Synthesis Time (s): cpu = 00:03:34 ; elapsed = 00:02:25 . Memory (MB): peak = 2569.930 ; gain = 2223.363 ; free physical = 117385 ; free virtual = 124012
INFO: [HLS 200-10] Starting hardware synthesis ...
INFO: [HLS 200-10] Synthesizing 'cholesky_top' ...
INFO: [HLS 200-10] ----------------------------------------------------------------
INFO: [HLS 200-42] -- Implementing module 'cholesky_alt2'
INFO: [HLS 200-10] ----------------------------------------------------------------
INFO: [SCHED 204-11] Starting scheduling ...
INFO: [SCHED 204-61] Pipelining loop 'row_loop'.
INFO: [SCHED 204-61] Pipelining result : Target II = 1, Final II = 1, Depth = 23.
INFO: [SCHED 204-61] Pipelining loop 'zero_cols_loop'.
INFO: [SCHED 204-61] Pipelining result : Target II = 1, Final II = 1, Depth = 2.
INFO: [SCHED 204-11] Finished scheduling.
INFO: [HLS 200-111]  Elapsed time: 145.93 seconds; current allocated memory: 1.889 GB.
INFO: [BIND 205-100] Starting micro-architecture generation ...
INFO: [BIND 205-101] Performing variable lifetime analysis.
INFO: [BIND 205-101] Exploring resource sharing.
INFO: [BIND 205-101] Binding ...
INFO: [BIND 205-100] Finished micro-architecture generation.
INFO: [HLS 200-111]  Elapsed time: 0.5 seconds; current allocated memory: 1.890 GB.
INFO: [HLS 200-10] ----------------------------------------------------------------
INFO: [HLS 200-42] -- Implementing module 'cholesky_top'
INFO: [HLS 200-10] ----------------------------------------------------------------
INFO: [SCHED 204-11] Starting scheduling ...
INFO: [SCHED 204-11] Finished scheduling.
INFO: [HLS 200-111]  Elapsed time: 0.62 seconds; current allocated memory: 1.891 GB.
INFO: [BIND 205-100] Starting micro-architecture generation ...
INFO: [BIND 205-101] Performing variable lifetime analysis.
INFO: [BIND 205-101] Exploring resource sharing.
INFO: [BIND 205-101] Binding ...
INFO: [BIND 205-100] Finished micro-architecture generation.
INFO: [HLS 200-111]  Elapsed time: 0.34 seconds; current allocated memory: 1.891 GB.
INFO: [HLS 200-10] ----------------------------------------------------------------
INFO: [HLS 200-10] -- Generating RTL for module 'cholesky_alt2'
INFO: [HLS 200-10] ----------------------------------------------------------------
INFO: [SYN 201-210] Renamed object name 'cholesky_alt2_L_internal_0' to 'cholesky_alt2_L_ibkb' due to the length limit 20
INFO: [SYN 201-210] Renamed object name 'cholesky_alt2_L_internal_1' to 'cholesky_alt2_L_icud' due to the length limit 20
INFO: [SYN 201-210] Renamed object name 'cholesky_alt2_square_sum_array_0' to 'cholesky_alt2_squdEe' due to the length limit 20
INFO: [SYN 201-210] Renamed object name 'cholesky_alt2_square_sum_array_1' to 'cholesky_alt2_squeOg' due to the length limit 20
INFO: [SYN 201-210] Renamed object name 'cholesky_alt2_product_sum_array_0' to 'cholesky_alt2_profYi' due to the length limit 20
INFO: [SYN 201-210] Renamed object name 'cholesky_alt2_product_sum_array_1' to 'cholesky_alt2_prog8j' due to the length limit 20
INFO: [SYN 201-210] Renamed object name 'cholesky_top_faddfsub_32ns_32ns_32_9_full_dsp_1' to 'cholesky_top_faddhbi' due to the length limit 20
INFO: [SYN 201-210] Renamed object name 'cholesky_top_fadd_32ns_32ns_32_9_full_dsp_1' to 'cholesky_top_faddibs' due to the length limit 20
INFO: [SYN 201-210] Renamed object name 'cholesky_top_fmul_32ns_32ns_32_5_max_dsp_1' to 'cholesky_top_fmuljbC' due to the length limit 20
INFO: [SYN 201-210] Renamed object name 'cholesky_top_fcmp_32ns_32ns_1_2_1' to 'cholesky_top_fcmpkbM' due to the length limit 20
INFO: [SYN 201-210] Renamed object name 'cholesky_top_fsqrt_32ns_32ns_32_17_1' to 'cholesky_top_fsqrlbW' due to the length limit 20
INFO: [SYN 201-210] Renamed object name 'cholesky_top_frsqrt_32ns_32ns_32_20_full_dsp_1' to 'cholesky_top_frsqmb6' due to the length limit 20
INFO: [RTGEN 206-100] Generating core module 'cholesky_top_faddhbi': 1 instance(s).
INFO: [RTGEN 206-100] Generating core module 'cholesky_top_faddibs': 3 instance(s).
INFO: [RTGEN 206-100] Generating core module 'cholesky_top_fcmpkbM': 1 instance(s).
INFO: [RTGEN 206-100] Generating core module 'cholesky_top_fmuljbC': 6 instance(s).
INFO: [RTGEN 206-100] Generating core module 'cholesky_top_frsqmb6': 1 instance(s).
INFO: [RTGEN 206-100] Generating core module 'cholesky_top_fsqrlbW': 1 instance(s).
INFO: [RTGEN 206-100] Finished creating RTL model for 'cholesky_alt2'.
INFO: [HLS 200-111]  Elapsed time: 0.8 seconds; current allocated memory: 1.893 GB.
INFO: [HLS 200-10] ----------------------------------------------------------------
INFO: [HLS 200-10] -- Generating RTL for module 'cholesky_top'
INFO: [HLS 200-10] ----------------------------------------------------------------
INFO: [RTGEN 206-500] Setting interface mode on port 'cholesky_top/A' to 'ap_memory'.
INFO: [RTGEN 206-500] Setting interface mode on port 'cholesky_top/L' to 'ap_memory'.
INFO: [RTGEN 206-500] Setting interface mode on function 'cholesky_top' to 'ap_ctrl_hs'.
INFO: [SYN 201-210] Renamed object name 'cholesky_top_L_0_assign' to 'cholesky_top_L_0_ncg' due to the length limit 20
INFO: [SYN 201-210] Renamed object name 'cholesky_top_L_1_assign' to 'cholesky_top_L_1_ocq' due to the length limit 20
INFO: [RTGEN 206-100] Finished creating RTL model for 'cholesky_top'.
INFO: [HLS 200-111]  Elapsed time: 1.24 seconds; current allocated memory: 1.897 GB.
INFO: [RTMG 210-278] Implementing memory 'cholesky_alt2_L_ibkb_ram (RAM)' using block RAMs.
INFO: [RTMG 210-278] Implementing memory 'cholesky_alt2_squdEe_ram (RAM)' using distributed RAMs.
INFO: [RTMG 210-278] Implementing memory 'cholesky_top_a_i_0_ram (RAM)' using block RAMs.
INFO: [HLS 200-111] Finished generating all RTL models Time (s): cpu = 00:03:39 ; elapsed = 00:02:34 . Memory (MB): peak = 2569.930 ; gain = 2223.363 ; free physical = 117641 ; free virtual = 124281
INFO: [SYSC 207-301] Generating SystemC RTL for cholesky_top.
INFO: [VHDL 208-304] Generating VHDL RTL for cholesky_top.
INFO: [VLOG 209-307] Generating Verilog RTL for cholesky_top.
INFO: [COSIM 212-47] Using XSIM for RTL simulation.
INFO: [COSIM 212-14] Instrumenting C test bench ...
   Build using "/opt/tools/xilinx/Vivado/2017.4/lnx64/tools/gcc/bin/g++"
   Compiling cholesky.cpp_pre.cpp.tb.cpp
   Compiling apatb_cholesky_top.cpp
   Compiling cholesky_tb.cpp_pre.cpp.tb.cpp
   Generating cosim.tv.exe
INFO: [COSIM 212-302] Starting C TB testing ... 
A = 
   |(16.8422241211)     (0.2291513979)     (0.9744042158)     (1.2557221651)     (1.6083915234)     (1.7303857803)     (1.3419800997)     (0.3590825498)     (1.0589178801)     (1.2013493776)     (1.3384816647)     (0.8842083812)     (0.8631581664)     (1.0623019934)     (0.9824900627)     (0.9809889793) |
   | (0.2291513979)    (17.4463462830)     (0.7990764380)     (1.5596216917)     (0.7205678821)     (0.9818807840)     (0.0643096715)     (1.0096652508)     (1.1914134026)     (0.8706215024)     (1.3054579496)     (0.4308609962)     (1.4943279028)     (1.2268444300)     (1.2660179138)     (0.5610166192) |
   | (0.9744042158)     (0.7990764380)    (16.4554252625)     (1.4303872585)     (1.6484861374)     (1.0012507439)     (0.9138503075)     (0.5768409967)     (0.8567080498)     (1.7197302580)     (0.7616894841)     (1.2881832123)     (0.3713193536)     (0.9150764346)     (1.5784186125)     (1.0778007507) |
   | (1.2557221651)     (1.5596216917)     (1.4303872585)    (16.2757377625)     (0.4619668722)     (0.5285898447)     (0.7461594939)     (0.3001869917)     (1.1177264452)     (1.5861384869)     (1.3271895647)     (0.8619696498)     (1.4337929487)     (1.3490703106)     (1.2215505838)     (1.9730784893) |
   | (1.6083915234)     (0.7205678821)     (1.6484861374)     (0.4619668722)    (16.5910148621)     (1.5667222738)     (1.2573598623)     (1.3074851036)     (1.0343593359)     (1.5836720467)     (0.9112881422)     (0.7926974893)     (1.5471009016)     (0.6338404417)     (0.7688161731)     (1.4352482557) |
