
****** Vivado(TM) HLS - High-Level Synthesis from C, C++ and SystemC v2017.4 (64-bit)
  **** SW Build 2086221 on Fri Dec 15 20:54:30 MST 2017
  **** IP Build 2085800 on Fri Dec 15 22:25:07 MST 2017
    ** Copyright 1986-2017 Xilinx, Inc. All Rights Reserved.

source /opt/tools/xilinx/Vivado/2017.4/scripts/vivado_hls/hls.tcl -notrace
INFO: [HLS 200-10] Running '/opt/tools/xilinx/Vivado/2017.4/bin/unwrapped/lnx64.o/vivado_hls'
INFO: [HLS 200-10] For user 'jieliu15' on host 'u11-jieliu15' (Linux_x86_64 version 4.4.0-124-generic) on Fri Sep 28 04:58:36 PDT 2018
INFO: [HLS 200-10] On os Ubuntu 16.04.5 LTS
INFO: [HLS 200-10] In directory '/curr/jieliu15/HLS_design/QR/qrf/16x16'
INFO: [HLS 200-10] Creating and opening project '/curr/jieliu15/HLS_design/QR/qrf/16x16/qr'.
INFO: [HLS 200-10] Adding design file 'qrf.cpp' to the project
INFO: [HLS 200-10] Adding design file 'qrf.h' to the project
INFO: [HLS 200-10] Adding test bench file 'qrf_tb.cpp' to the project
INFO: [HLS 200-10] Creating and opening solution '/curr/jieliu15/HLS_design/QR/qrf/16x16/qr/solution1'.
INFO: [HLS 200-10] Setting target device to 'xc7vx690tffg1157-2'
INFO: [SYN 201-201] Setting up clock 'default' with a period of 4ns.
INFO: [SIM 211-2] *************** CSIM start ***************
INFO: [SIM 211-4] CSIM will launch GCC as the compiler.
   Compiling ../../../../qrf_tb.cpp in debug mode
   Compiling ../../../../qrf.cpp in debug mode
   Generating csim.exe
A = 
   | (13.0000000000)     (67.0000000000)     (82.0000000000)     (58.0000000000)     (57.0000000000)     (26.0000000000)     (89.0000000000)     (75.0000000000)     (26.0000000000)     (16.0000000000)     (55.0000000000)     (84.0000000000)     (24.0000000000)     (10.0000000000)     (23.0000000000)    (100.0000000000) |
   |  (5.0000000000)     (98.0000000000)     (41.0000000000)     (41.0000000000)     (74.0000000000)     (25.0000000000)     (25.0000000000)     (63.0000000000)     (89.0000000000)     (24.0000000000)     (34.0000000000)     (60.0000000000)      (8.0000000000)     (72.0000000000)     (38.0000000000)     (92.0000000000) |
   | (63.0000000000)     (51.0000000000)     (69.0000000000)      (8.0000000000)      (7.0000000000)     (16.0000000000)     (58.0000000000)     (51.0000000000)     (17.0000000000)     (18.0000000000)     (18.0000000000)     (38.0000000000)     (31.0000000000)     (44.0000000000)     (89.0000000000)     (38.0000000000) |
   |  (8.0000000000)     (68.0000000000)     (96.0000000000)     (49.0000000000)     (14.0000000000)     (79.0000000000)     (35.0000000000)     (38.0000000000)     (18.0000000000)     (14.0000000000)     (46.0000000000)     (91.0000000000)     (39.0000000000)     (95.0000000000)     (96.0000000000)     (99.0000000000) |
   | (50.0000000000)      (3.0000000000)     (86.0000000000)      (1.0000000000)     (76.0000000000)     (27.0000000000)     (89.0000000000)     (46.0000000000)     (36.0000000000)     (70.0000000000)     (87.0000000000)     (67.0000000000)     (63.0000000000)     (47.0000000000)      (9.0000000000)     (69.0000000000) |
   | (17.0000000000)     (84.0000000000)     (54.0000000000)     (69.0000000000)     (75.0000000000)     (55.0000000000)     (58.0000000000)     (41.0000000000)     (35.0000000000)     (20.0000000000)     (79.0000000000)     (66.0000000000)     (48.0000000000)     (63.0000000000)      (1.0000000000)     (82.0000000000) |
   | (58.0000000000)     (97.0000000000)     (96.0000000000)     (70.0000000000)     (79.0000000000)     (52.0000000000)     (94.0000000000)     (70.0000000000)     (73.0000000000)     (20.0000000000)     (44.0000000000)    (100.0000000000)     (37.0000000000)     (33.0000000000)     (88.0000000000)     (85.0000000000) |
   | (61.0000000000)     (46.0000000000)     (21.0000000000)     (93.0000000000)      (2.0000000000)     (19.0000000000)     (99.0000000000)     (80.0000000000)     (21.0000000000)     (85.0000000000)     (94.0000000000)     (11.0000000000)     (16.0000000000)     (55.0000000000)     (86.0000000000)     (47.0000000000) |
   | (51.0000000000)    (100.0000000000)     (19.0000000000)     (28.0000000000)     (38.0000000000)      (5.0000000000)     (12.0000000000)     (50.0000000000)     (31.0000000000)     (23.0000000000)      (4.0000000000)      (2.0000000000)     (33.0000000000)     (50.0000000000)     (79.0000000000)     (34.0000000000) |
   | (81.0000000000)     (88.0000000000)     (32.0000000000)     (70.0000000000)     (93.0000000000)     (89.0000000000)     (60.0000000000)     (12.0000000000)     (14.0000000000)     (35.0000000000)      (8.0000000000)     (50.0000000000)      (7.0000000000)     (73.0000000000)     (75.0000000000)     (43.0000000000) |
   | (45.0000000000)     (60.0000000000)     (30.0000000000)     (67.0000000000)     (11.0000000000)     (11.0000000000)     (25.0000000000)     (37.0000000000)     (11.0000000000)     (18.0000000000)     (26.0000000000)     (90.0000000000)     (74.0000000000)     (49.0000000000)     (61.0000000000)      (2.0000000000) |
   | (22.0000000000)     (38.0000000000)     (71.0000000000)     (55.0000000000)     (95.0000000000)     (96.0000000000)     (68.0000000000)     (53.0000000000)     (18.0000000000)      (4.0000000000)      (4.0000000000)     (89.0000000000)     (24.0000000000)      (5.0000000000)     (16.0000000000)     (36.0000000000) |
   | (74.0000000000)     (83.0000000000)     (67.0000000000)     (72.0000000000)     (29.0000000000)     (55.0000000000)     (72.0000000000)     (93.0000000000)     (61.0000000000)     (42.0000000000)      (6.0000000000)     (96.0000000000)     (37.0000000000)     (12.0000000000)     (67.0000000000)     (20.0000000000) |
   | (26.0000000000)     (36.0000000000)     (39.0000000000)     (49.0000000000)     (73.0000000000)     (87.0000000000)     (52.0000000000)     (94.0000000000)     (71.0000000000)     (48.0000000000)     (37.0000000000)     (64.0000000000)     (64.0000000000)     (90.0000000000)     (73.0000000000)     (34.0000000000) |
   | (85.0000000000)     (52.0000000000)     (79.0000000000)     (41.0000000000)     (87.0000000000)     (69.0000000000)     (50.0000000000)     (74.0000000000)      (9.0000000000)     (14.0000000000)     (70.0000000000)     (72.0000000000)     (87.0000000000)     (33.0000000000)     (50.0000000000)     (67.0000000000) |
   |  (9.0000000000)     (78.0000000000)     (81.0000000000)     (49.0000000000)     (36.0000000000)     (94.0000000000)     (21.0000000000)     (10.0000000000)     (57.0000000000)     (17.0000000000)     (74.0000000000)     (96.0000000000)     (23.0000000000)     (29.0000000000)     (25.0000000000)     (49.0000000000) |
Q = 
   | (0.0656348020)     (0.2931852639)     (0.2715345919)     (0.1316142678)    (-0.0003984109)    (-0.4347215891)     (0.1586346477)     (0.0180688333)     (0.3976690173)     (0.0947930887)    (-0.0166188478)     (0.2786474824)     (0.2857884765)     (0.1581376493)    (-0.3375988007)     (0.3721613884) |
   | (0.0252441540)     (0.5144498944)    (-0.1323890090)    (-0.1825508773)     (0.2499257028)    (-0.2355356514)    (-0.0207604952)     (0.2451785952)    (-0.2766026855)    (-0.1191983297)    (-0.0608527288)    (-0.0641350672)     (0.4426022768)    (-0.3844732046)     (0.1263993233)    (-0.2171221524) |
   | (0.3180763721)    (-0.1012243256)     (0.1295582950)    (-0.4147561193)    (-0.3446775973)     (0.0322443172)     (0.3458093703)     (0.0477098264)     (0.1672365367)     (0.2024784833)     (0.1573094130)     (0.3532913327)    (-0.0266653262)    (-0.2679795921)    (-0.0200028121)    (-0.4081908464) |
   | (0.0403906479)     (0.3292893767)     (0.3787207603)     (0.0272343978)    (-0.3690520227)     (0.2920566201)    (-0.0775405988)     (0.0025565475)     (0.2750018239)    (-0.2881528437)    (-0.2344184816)    (-0.2791367769)    (-0.1505668908)    (-0.3797086775)     (0.1384023726)     (0.2017885745) |
   | (0.2524415255)    (-0.2887475789)     (0.4831728041)    (-0.1924265772)     (0.2249343395)    (-0.2861703336)     (0.1223372892)    (-0.1421981603)    (-0.2975786328)    (-0.5140101910)    (-0.1932055652)     (0.0429825634)    (-0.0780276507)     (0.1053560972)     (0.0742852539)     (0.0098207314) |
   | (0.0858301222)     (0.3632902503)    (-0.0088496730)     (0.1655018628)     (0.1956159621)    (-0.1235801354)     (0.0287995860)    (-0.1891430616)     (0.1410837173)    (-0.0656959116)     (0.3935633898)     (0.2601774037)    (-0.3700302541)     (0.0970279425)     (0.5905894041)    (-0.0332264602) |
   | (0.2928322256)     (0.1851318181)     (0.1398131847)    (-0.0279875062)     (0.0099467058)    (-0.2445086986)     (0.0301125087)    (-0.1866575778)    (-0.3501936793)     (0.5267423391)     (0.0718282387)    (-0.4119459093)    (-0.3515073359)    (-0.1253170818)    (-0.1784502566)     (0.1339973509) |
   | (0.3079786897)    (-0.1168128476)    (-0.1866141707)     (0.5810576677)    (-0.2782146931)    (-0.1811264455)     (0.3016889393)     (0.0464683995)    (-0.0090231877)    (-0.2984274626)     (0.2569750249)    (-0.3083889484)     (0.1421131790)    (-0.0407771096)    (-0.0659353659)    (-0.1979358494) |
   | (0.2574903667)     (0.2445755303)    (-0.4049423933)    (-0.4181765318)    (-0.0062345071)    (-0.0625457391)     (0.0277914852)     (0.1740949601)     (0.2517129779)    (-0.2692315280)    (-0.1108612865)    (-0.2406670451)    (-0.2900599837)     (0.4120599031)    (-0.1953938156)    (-0.0428542607) |
   | (0.4089553058)    (-0.0054169819)    (-0.3318624198)     (0.0296489447)     (0.3201758862)     (0.3420317769)     (0.1776725650)    (-0.5197577477)     (0.0858623460)    (-0.0335590951)    (-0.1849586666)     (0.1225778833)     (0.1623050570)    (-0.2362082005)    (-0.0803823844)     (0.2327402383) |
   | (0.2271974087)     (0.0587811433)    (-0.1441071332)     (0.2444758862)    (-0.2179381251)    (-0.2052530348)    (-0.5979549885)    (-0.0767706707)    (-0.1043375880)    (-0.0757906958)    (-0.2840357721)     (0.4102640748)    (-0.2111962736)    (-0.1223711371)    (-0.2050328106)    (-0.2099533230) |
   | (0.1110742837)     (0.0769340992)     (0.2943053842)     (0.2602588236)     (0.3648515344)     (0.1514837891)     (0.0075137503)     (0.0113785192)     (0.2919869125)     (0.2360968292)    (-0.3442964852)    (-0.1783159077)     (0.0349647179)     (0.2058978975)     (0.0021007061)    (-0.5798170567) |
   | (0.3736135066)     (0.0095378533)    (-0.0451529026)     (0.0660983622)    (-0.2803476155)     (0.1015158445)     (0.0483172648)     (0.2657968998)    (-0.2277757525)     (0.2479481995)    (-0.3377720416)     (0.0905151963)     (0.2218819410)     (0.3501587510)     (0.4793662429)     (0.2339951992) |
   | (0.1312696040)     (0.0413774028)     (0.0654531419)     (0.2259801477)     (0.3062121272)     (0.3054957092)     (0.1957635283)     (0.6157063246)    (-0.1694186628)    (-0.0559785590)     (0.0584430546)     (0.2534813285)    (-0.3357306421)    (-0.1432978660)    (-0.2509323955)     (0.1596028358) |
   | (0.4291506112)    (-0.2300527990)     (0.1451989710)    (-0.1209174395)     (0.1842747033)     (0.0725667253)    (-0.5524021387)     (0.1951797903)     (0.2328295112)     (0.0275145341)     (0.4384908676)    (-0.1597858071)     (0.2324377149)    (-0.0458122492)     (0.0442139506)     (0.1178226396) |
   | (0.0454394817)     (0.3787923753)     (0.2274235189)    (-0.0211523846)    (-0.1633667052)     (0.4296202660)    (-0.0730480999)    (-0.2235277891)    (-0.3590450585)    (-0.1314187944)     (0.3121065199)     (0.1006521434)     (0.2000113726)     (0.3809185624)    (-0.2803423405)    (-0.1352746189) |
R = 
   |(198.0656433105)    (217.5642395020)    (193.5822753906)    (175.0025787354)    (178.0318756104)    (159.9318237305)    (208.7944183350)    (195.9097900391)    (106.7928771973)    (112.9120483398)    (133.7839050293)    (208.8650817871)    (140.4433441162)    (150.3743896484)    (213.1262969971)    (162.5016784668) |
   |  (0.0000000000)    (179.8188323975)    (106.3260269165)    (106.7780075073)     (92.0405807495)     (97.1008224487)     (54.4203643799)     (76.9331970215)    (103.5747680664)     (13.0596714020)     (63.9721908569)    (139.1924591064)     (31.0120735168)     (98.1316070557)     (78.2639770508)    (141.2279663086) |
   |  (0.0000000000)      (0.0000000000)    (140.3911437988)     (11.2351665497)     (63.0301246643)     (81.7408218384)     (82.6106414795)     (50.7534408569)     (30.3444938660)     (14.1792726517)     (82.4332122803)    (125.9312591553)     (57.5411605835)     (18.0370178223)      (3.4334306717)     (97.5798339844) |
   |  (0.0000000000)      (0.0000000000)      (0.0000000000)     (92.3705596924)      (9.6231288910)     (49.0514640808)     (62.0045700073)     (41.2283020020)      (2.2468032837)     (37.7425994873)     (49.2309761047)     (44.3270187378)     (10.6328277588)     (15.9914922714)     (10.3484878540)      (5.3092489243) |
   |  (0.0000000000)      (0.0000000000)      (0.0000000000)      (0.0000000000)    (129.0649871826)     (53.3038177490)     (18.0794086456)     (10.4373111725)     (25.0039997101)      (2.1548037529)      (3.3907389641)     (13.3186340332)     (12.5525283813)     (15.4318199158)    (-52.6845893860)     (28.0498409271) |
   |  (0.0000000000)      (0.0000000000)      (0.0000000000)      (0.0000000000)      (0.0000000000)     (95.6835403442)    (-45.2524032593)    (-35.3015098572)     (-6.3979258537)    (-16.0377769470)    (-33.8073806763)     (11.1320896149)     (-7.5537590981)     (24.6995964050)     (26.2516403198)    (-38.2238121033) |
   |  (0.0000000000)      (0.0000000000)      (0.0000000000)      (0.0000000000)      (0.0000000000)      (0.0000000000)     (57.2589988708)     (21.4132843018)     (25.3235473633)     (41.1394462585)      (2.7541837692)    (-39.2348175049)    (-50.9620361328)     (16.0399913788)     (23.1654262543)     (21.6509399414) |
   |  (0.0000000000)      (0.0000000000)      (0.0000000000)      (0.0000000000)      (0.0000000000)      (0.0000000000)      (0.0000000000)     (90.7209396362)     (45.1834144592)     (17.6741046906)     (-4.7669754028)      (4.0883798599)     (37.5516700745)     (23.5916900635)     (37.5219039917)     (-0.3740520477) |
   |  (0.0000000000)      (0.0000000000)      (0.0000000000)      (0.0000000000)      (0.0000000000)      (0.0000000000)      (0.0000000000)      (0.0000000000)    (-69.1936187744)    (-31.6535224915)    (-20.6302642822)    (-26.5775203705)     (-0.9144158363)     (-5.1146254539)      (5.4585733414)     (18.9888267517) |
   |  (0.0000000000)      (0.0000000000)      (0.0000000000)      (0.0000000000)      (0.0000000000)      (0.0000000000)      (0.0000000000)      (0.0000000000)      (0.0000000000)    (-55.7685203552)    (-73.9880142212)     (14.4601745605)    (-28.5602626801)    (-76.8386535645)    (-10.0101776123)    (-36.2160148621) |
   |  (0.0000000000)      (0.0000000000)      (0.0000000000)      (0.0000000000)      (0.0000000000)      (0.0000000000)      (0.0000000000)      (0.0000000000)      (0.0000000000)      (0.0000000000)     (73.9047927856)    (-30.1889533997)     (10.6719989777)      (2.3656959534)    (-18.2248668671)     (27.8527297974) |
   |  (0.0000000000)      (0.0000000000)      (0.0000000000)      (0.0000000000)      (0.0000000000)      (0.0000000000)      (0.0000000000)      (0.0000000000)      (0.0000000000)      (0.0000000000)      (0.0000000000)     (32.8180961609)     (28.2418365479)     (12.7229976654)    (-22.0587406158)    (-21.3101863861) |
   |  (0.0000000000)      (0.0000000000)      (0.0000000000)      (0.0000000000)      (0.0000000000)      (0.0000000000)      (0.0000000000)      (0.0000000000)      (0.0000000000)      (0.0000000000)      (0.0000000000)      (0.0000000000)    (-41.3881530762)    (-38.4255447388)    (-29.3042774200)     (10.8037405014) |
   |  (0.0000000000)      (0.0000000000)      (0.0000000000)      (0.0000000000)      (0.0000000000)      (0.0000000000)      (0.0000000000)      (0.0000000000)      (0.0000000000)      (0.0000000000)      (0.0000000000)      (0.0000000000)      (0.0000000000)    (-70.0448074341)    (-53.8654365540)    (-35.9274749756) |
   |  (0.0000000000)      (0.0000000000)      (0.0000000000)      (0.0000000000)      (0.0000000000)      (0.0000000000)      (0.0000000000)      (0.0000000000)      (0.0000000000)      (0.0000000000)      (0.0000000000)      (0.0000000000)      (0.0000000000)      (0.0000000000)    (-36.5066947937)      (5.9442739487) |
   |  (0.0000000000)      (0.0000000000)      (0.0000000000)      (0.0000000000)      (0.0000000000)      (0.0000000000)      (0.0000000000)      (0.0000000000)      (0.0000000000)      (0.0000000000)      (0.0000000000)      (0.0000000000)      (0.0000000000)      (0.0000000000)      (0.0000000000)     (20.3761005402) |
A reconstructed = 
   | (12.9999990463)     (67.0000152588)     (82.0000152588)     (58.0000190735)     (57.0000076294)     (26.0000190735)     (89.0000152588)     (75.0000076294)     (26.0000190735)     (15.9999961853)     (54.9999923706)     (84.0000305176)     (24.0000076294)     (10.0000114441)     (23.0000152588)    (100.0000076294) |
   |  (4.9999995232)     (98.0000076294)     (40.9999923706)     (40.9999885559)     (73.9999771118)     (24.9999847412)     (25.0000000000)     (62.9999885559)     (88.9999847412)     (24.0000000000)     (34.0000076294)     (59.9999771118)      (7.9999828339)     (71.9999847412)     (37.9999961853)     (91.9999771118) |
   | (63.0000000000)     (51.0000000000)     (69.0000076294)      (8.0000038147)      (7.0000000000)     (15.9999961853)     (58.0000305176)     (51.0000190735)     (17.0000076294)     (18.0000095367)     (18.0000038147)     (38.0000114441)     (31.0000000000)     (44.0000152588)     (89.0000000000)     (38.0000267029) |
   |  (7.9999995232)     (67.9999923706)     (95.9999847412)     (48.9999732971)     (14.0000152588)     (78.9999847412)     (35.0000114441)     (38.0000038147)     (17.9999942780)     (14.0000000000)     (45.9999961853)     (90.9999771118)     (39.0000190735)     (94.9999847412)     (95.9999847412)     (98.9999923706) |
   | (49.9999923706)      (2.9999961853)     (86.0000076294)      (1.0000000000)     (75.9999847412)     (27.0000076294)     (89.0000152588)     (46.0000000000)     (35.9999961853)     (69.9999847412)     (87.0000000000)     (67.0000076294)     (62.9999847412)     (46.9999961853)      (9.0000085831)     (69.0000000000) |
   | (16.9999980927)     (84.0000000000)     (53.9999847412)     (68.9999771118)     (74.9999694824)     (54.9999694824)     (57.9999885559)     (40.9999771118)     (34.9999847412)     (19.9999904633)     (78.9999771118)     (65.9999694824)     (47.9999809265)     (62.9999771118)      (0.9999923706)     (81.9999771118) |
   | (58.0000038147)     (97.0000076294)     (95.9999923706)     (70.0000076294)     (78.9999923706)     (52.0000038147)     (94.0000305176)     (70.0000000000)     (73.0000152588)     (20.0000076294)     (44.0000038147)     (99.9999923706)     (37.0000038147)     (33.0000190735)     (88.0000000000)     (85.0000228882) |
   | (60.9999961853)     (46.0000000000)     (20.9999942780)     (93.0000000000)      (2.0000076294)     (18.9999752045)     (98.9999923706)     (80.0000076294)     (21.0000152588)     (84.9999923706)     (93.9999847412)     (10.9999933243)     (15.9999942780)     (54.9999961853)     (86.0000000000)     (47.0000152588) |
   | (50.9999961853)     (99.9999847412)     (18.9999847412)     (27.9999656677)     (37.9999732971)      (4.9999756813)     (11.9999771118)     (49.9999923706)     (30.9999809265)     (22.9999828339)      (3.9999847412)      (1.9999742508)     (33.0000000000)     (49.9999847412)     (78.9999847412)     (33.9999694824) |
   | (80.9999923706)     (87.9999771118)     (31.9999847412)     (69.9999771118)     (92.9999847412)     (89.0000000000)     (59.9999847412)     (11.9999885559)     (13.9999961853)     (34.9999809265)      (7.9999933243)     (49.9999961853)      (7.0000066757)     (72.9999694824)     (74.9999542236)     (42.9999847412) |
   | (45.0000000000)     (59.9999885559)     (29.9999923706)     (66.9999694824)     (10.9999809265)     (10.9999923706)     (24.9999771118)     (36.9999771118)     (11.0000019073)     (17.9999923706)     (25.9999790192)     (89.9999694824)     (73.9999847412)     (48.9999847412)     (61.0000000000)      (1.9999785423) |
   | (22.0000000000)     (37.9999923706)     (70.9999847412)     (54.9999771118)     (94.9999847412)     (96.0000000000)     (67.9999923706)     (52.9999885559)     (18.0000057220)      (3.9999923706)      (3.9999675751)     (88.9999847412)     (23.9999885559)      (4.9999876022)     (15.9999837875)     (36.0000076294) |
   | (74.0000000000)     (83.0000228882)     (67.0000076294)     (72.0000000000)     (29.0000000000)     (55.0000076294)     (72.0000076294)     (93.0000076294)     (61.0000076294)     (42.0000000000)      (5.9999828339)     (95.9999923706)     (37.0000000000)     (12.0000000000)     (67.0000152588)     (19.9999923706) |
   | (25.9999980927)     (36.0000076294)     (39.0000038147)     (49.0000076294)     (72.9999923706)     (87.0000000000)     (52.0000038147)     (94.0000152588)     (71.0000152588)     (48.0000038147)     (37.0000000000)     (64.0000152588)     (64.0000152588)     (90.0000228882)     (73.0000076294)     (34.0000000000) |
   | (84.9999923706)     (52.0000038147)     (79.0000000000)     (41.0000076294)     (87.0000152588)     (69.0000152588)     (50.0000114441)     (74.0000000000)      (8.9999923706)     (13.9999952316)     (70.0000000000)     (71.9999847412)     (87.0000228882)     (33.0000076294)     (49.9999961853)     (67.0000076294) |
   |  (9.0000000000)     (78.0000152588)     (81.0000152588)     (49.0000038147)     (36.0000076294)     (94.0000152588)     (20.9999980927)      (9.9999923706)     (57.0000152588)     (17.0000076294)     (74.0000228882)     (96.0000228882)     (23.0000095367)     (28.9999942780)     (24.9999847412)     (48.9999885559) |
I reconstructed = 
   | (1.0000000000)     (0.0000000745)     (0.0000000894)     (0.0000000447)    (-0.0000000803)     (0.0000000484)     (0.0000000447)    (-0.0000000373)    (-0.0000000559)    (-0.0000000522)    (-0.0000000298)     (0.0000000894)     (0.0000000373)    (-0.0000000112)     (0.0000000112)    (-0.0000001378) |
   | (0.0000000745)     (1.0000000000)     (0.0000000373)    (-0.0000000447)    (-0.0000000540)    (-0.0000000698)    (-0.0000001211)     (0.0000001490)    (-0.0000000037)     (0.0000000373)    (-0.0000001378)     (0.0000000447)     (0.0000000447)     (0.0000000522)     (0.0000000205)     (0.0000000484) |
   | (0.0000000894)     (0.0000000373)     (1.0000001192)     (0.0000000000)     (0.0000000428)    (-0.0000000205)     (0.0000001080)     (0.0000000671)    (-0.0000000540)    (-0.0000000596)    (-0.0000000522)    (-0.0000001192)     (0.0000000149)     (0.0000000224)    (-0.0000000559)    (-0.0000000075) |
   | (0.0000000447)    (-0.0000000447)     (0.0000000000)     (0.9999999404)     (0.0000001588)    (-0.0000000843)    (-0.0000001006)    (-0.0000000820)     (0.0000001071)    (-0.0000001043)     (0.0000000261)     (0.0000000820)    (-0.0000000410)     (0.0000000000)     (0.0000000428)    (-0.0000001509) |
   |(-0.0000000803)    (-0.0000000540)     (0.0000000428)     (0.0000001588)     (0.9999999404)    (-0.0000000211)     (0.0000000593)     (0.0000000134)    (-0.0000000114)    (-0.0000000554)    (-0.0000000158)     (0.0000000340)    (-0.0000000792)     (0.0000000435)    (-0.0000001295)     (0.0000001235) |
   | (0.0000000484)    (-0.0000000698)    (-0.0000000205)    (-0.0000000843)    (-0.0000000211)     (0.9999995828)    (-0.0000000070)     (0.0000000652)    (-0.0000000671)     (0.0000000619)    (-0.0000001146)    (-0.0000001509)    (-0.0000000321)    (-0.0000000568)     (0.0000000503)    (-0.0000000596) |
   | (0.0000000447)    (-0.0000001211)     (0.0000001080)    (-0.0000001006)     (0.0000000593)    (-0.0000000070)     (1.0000002384)     (0.0000001006)    (-0.0000000051)    (-0.0000000875)    (-0.0000000689)     (0.0000000224)     (0.0000000633)     (0.0000000615)    (-0.0000001192)     (0.0000000466) |
   |(-0.0000000373)     (0.0000001490)     (0.0000000671)    (-0.0000000820)     (0.0000000134)     (0.0000000652)     (0.0000001006)     (1.0000000000)    (-0.0000000792)    (-0.0000000522)    (-0.0000000149)    (-0.0000000522)     (0.0000000484)    (-0.0000001341)    (-0.0000000354)    (-0.0000000373) |
   |(-0.0000000559)    (-0.0000000037)    (-0.0000000540)     (0.0000001071)    (-0.0000000114)    (-0.0000000671)    (-0.0000000051)    (-0.0000000792)     (1.0000001192)    (-0.0000000177)     (0.0000000922)     (0.0000000056)    (-0.0000000298)    (-0.0000000582)    (-0.0000000349)    (-0.0000001881) |
   |(-0.0000000522)     (0.0000000373)    (-0.0000000596)    (-0.0000001043)    (-0.0000000554)     (0.0000000619)    (-0.0000000875)    (-0.0000000522)    (-0.0000000177)     (0.9999997020)    (-0.0000000149)     (0.0000000745)     (0.0000000559)    (-0.0000000186)     (0.0000001285)    (-0.0000000335) |
   |(-0.0000000298)    (-0.0000001378)    (-0.0000000522)     (0.0000000261)    (-0.0000000158)    (-0.0000001146)    (-0.0000000689)    (-0.0000000149)     (0.0000000922)    (-0.0000000149)     (0.9999998212)    (-0.0000002459)     (0.0000000596)     (0.0000001378)    (-0.0000000801)     (0.0000002086) |
   | (0.0000000894)     (0.0000000447)    (-0.0000001192)     (0.0000000820)     (0.0000000340)    (-0.0000001509)     (0.0000000224)    (-0.0000000522)     (0.0000000056)     (0.0000000745)    (-0.0000002459)     (1.0000000000)     (0.0000000149)    (-0.0000000149)     (0.0000000671)    (-0.0000000671) |
   | (0.0000000373)     (0.0000000447)     (0.0000000149)    (-0.0000000410)    (-0.0000000792)    (-0.0000000321)     (0.0000000633)     (0.0000000484)    (-0.0000000298)     (0.0000000559)     (0.0000000596)     (0.0000000149)     (1.0000002384)     (0.0000000596)     (0.0000000149)    (-0.0000000447) |
   |(-0.0000000112)     (0.0000000522)     (0.0000000224)     (0.0000000000)     (0.0000000435)    (-0.0000000568)     (0.0000000615)    (-0.0000001341)    (-0.0000000582)    (-0.0000000186)     (0.0000001378)    (-0.0000000149)     (0.0000000596)     (1.0000002384)     (0.0000000317)    (-0.0000000391) |
   | (0.0000000112)     (0.0000000205)    (-0.0000000559)     (0.0000000428)    (-0.0000001295)     (0.0000000503)    (-0.0000001192)    (-0.0000000354)    (-0.0000000349)     (0.0000001285)    (-0.0000000801)     (0.0000000671)     (0.0000000149)     (0.0000000317)     (1.0000001192)    (-0.0000000596) |
   |(-0.0000001378)     (0.0000000484)    (-0.0000000075)    (-0.0000001509)     (0.0000001235)    (-0.0000000596)     (0.0000000466)    (-0.0000000373)    (-0.0000001881)    (-0.0000000335)     (0.0000002086)    (-0.0000000671)    (-0.0000000447)    (-0.0000000391)    (-0.0000000596)     (1.0000004768) |
INFO: [SIM 211-1] CSim done with 0 errors.
INFO: [SIM 211-3] *************** CSIM finish ***************
INFO: [HLS 200-10] Analyzing design file 'qrf.cpp' ...
INFO: [HLS 200-10] Validating synthesis directives ...
WARNING: [HLS 200-40] Directive 'RESOURCE' for core 'ROM_1P_LUTRAM' cannot be applied: Variable 'second_order_float::sin_K1' can not be recognized(UNKNOWN VARIABLE) in 'sincos_approximation'.
WARNING: [HLS 200-40] Directive 'RESOURCE' for core 'ROM_1P_LUTRAM' cannot be applied: Variable 'first_order_fixed_16::sin_cos_K1' can not be recognized(UNKNOWN VARIABLE) in 'sin_or_cos_approximation'.
WARNING: [HLS 200-40] Directive 'RESOURCE' for core 'ROM_1P_LUTRAM' cannot be applied: Variable 'fourth_order_double::sin_K1' can not be recognized(UNKNOWN VARIABLE) in 'sincos_approximation'.
WARNING: [HLS 200-40] Directive 'RESOURCE' for core 'ROM_1P_LUTRAM' cannot be applied: Variable 'second_order_float::cos_K1' can not be recognized(UNKNOWN VARIABLE) in 'sincos_approximation'.
WARNING: [HLS 200-40] Directive 'RESOURCE' for core 'ROM_1P_LUTRAM' cannot be applied: Variable 'fourth_order_double::cos_K4' can not be recognized(UNKNOWN VARIABLE) in 'sincos_approximation'.
WARNING: [HLS 200-40] Directive 'RESOURCE' for core 'ROM_1P_LUTRAM' cannot be applied: Variable 'second_order_float::cos_K0' can not be recognized(UNKNOWN VARIABLE) in 'sincos_approximation'.
WARNING: [HLS 200-40] Directive 'RESOURCE' for core 'ROM_1P_LUTRAM' cannot be applied: Variable 'fourth_order_double::cos_K0' can not be recognized(UNKNOWN VARIABLE) in 'sincos_approximation'.
WARNING: [HLS 200-40] Directive 'RESOURCE' for core 'ROM_1P_LUTRAM' cannot be applied: Variable 'fourth_order_double::cos_K3' can not be recognized(UNKNOWN VARIABLE) in 'sincos_approximation'.
WARNING: [HLS 200-40] Directive 'RESOURCE' for core 'ROM_1P_LUTRAM' cannot be applied: Variable 'second_order_float::sin_cos_K0' can not be recognized(UNKNOWN VARIABLE) in 'sin_or_cos_approximation'.
WARNING: [HLS 200-40] Directive 'RESOURCE' for core 'ROM_1P_LUTRAM' cannot be applied: Variable 'fourth_order_double::sin_K2' can not be recognized(UNKNOWN VARIABLE) in 'sincos_approximation'.
WARNING: [HLS 200-40] Directive 'RESOURCE' for core 'ROM_1P_LUTRAM' cannot be applied: Variable 'fourth_order_double::sin_cos_K2' can not be recognized(UNKNOWN VARIABLE) in 'sin_or_cos_approximation'.
WARNING: [HLS 200-40] Directive 'RESOURCE' for core 'ROM_1P_LUTRAM' cannot be applied: Variable 'second_order_float::sin_cos_K1' can not be recognized(UNKNOWN VARIABLE) in 'sin_or_cos_approximation'.
WARNING: [HLS 200-40] Directive 'RESOURCE' for core 'ROM_1P_LUTRAM' cannot be applied: Variable 'fourth_order_double::sin_cos_K1' can not be recognized(UNKNOWN VARIABLE) in 'sin_or_cos_approximation'.
WARNING: [HLS 200-40] Directive 'RESOURCE' for core 'ROM_1P_LUTRAM' cannot be applied: Variable 'fourth_order_double::sin_K0' can not be recognized(UNKNOWN VARIABLE) in 'sincos_approximation'.
WARNING: [HLS 200-40] Directive 'RESOURCE' for core 'ROM_1P_LUTRAM' cannot be applied: Variable 'fourth_order_double::sin_cos_K0' can not be recognized(UNKNOWN VARIABLE) in 'sin_or_cos_approximation'.
WARNING: [HLS 200-40] Directive 'RESOURCE' for core 'ROM_1P_LUTRAM' cannot be applied: Variable 'fourth_order_double::sin_K3' can not be recognized(UNKNOWN VARIABLE) in 'sincos_approximation'.
WARNING: [HLS 200-40] Directive 'RESOURCE' for core 'ROM_1P_LUTRAM' cannot be applied: Variable 'second_order_float::sin_cos_K2' can not be recognized(UNKNOWN VARIABLE) in 'sin_or_cos_approximation'.
WARNING: [HLS 200-40] Directive 'RESOURCE' for core 'ROM_1P_LUTRAM' cannot be applied: Variable 'fourth_order_double::sin_K4' can not be recognized(UNKNOWN VARIABLE) in 'sincos_approximation'.
WARNING: [HLS 200-40] Directive 'RESOURCE' for core 'ROM_1P_LUTRAM' cannot be applied: Variable 'second_order_float::sin_K2' can not be recognized(UNKNOWN VARIABLE) in 'sincos_approximation'.
WARNING: [HLS 200-40] Directive 'RESOURCE' for core 'ROM_1P_LUTRAM' cannot be applied: Variable 'fourth_order_double::cos_K1' can not be recognized(UNKNOWN VARIABLE) in 'sincos_approximation'.
WARNING: [HLS 200-40] Directive 'RESOURCE' for core 'ROM_1P_LUTRAM' cannot be applied: Variable 'fourth_order_double::sin_cos_K3' can not be recognized(UNKNOWN VARIABLE) in 'sin_or_cos_approximation'.
WARNING: [HLS 200-40] Directive 'RESOURCE' for core 'ROM_1P_LUTRAM' cannot be applied: Variable 'second_order_float::sin_K0' can not be recognized(UNKNOWN VARIABLE) in 'sincos_approximation'.
WARNING: [HLS 200-40] Directive 'RESOURCE' for core 'ROM_1P_LUTRAM' cannot be applied: Variable 'first_order_fixed_16::sin_cos_K0' can not be recognized(UNKNOWN VARIABLE) in 'sin_or_cos_approximation'.
WARNING: [HLS 200-40] Directive 'RESOURCE' for core 'ROM_1P_LUTRAM' cannot be applied: Variable 'fourth_order_double::sin_cos_K4' can not be recognized(UNKNOWN VARIABLE) in 'sin_or_cos_approximation'.
WARNING: [HLS 200-40] Directive 'RESOURCE' for core 'ROM_1P_LUTRAM' cannot be applied: Variable 'fourth_order_double::cos_K2' can not be recognized(UNKNOWN VARIABLE) in 'sincos_approximation'.
WARNING: [HLS 200-40] Directive 'RESOURCE' for core 'ROM_1P_LUTRAM' cannot be applied: Variable 'second_order_float::cos_K2' can not be recognized(UNKNOWN VARIABLE) in 'sincos_approximation'.
INFO: [HLS 200-111] Finished Checking Pragmas Time (s): cpu = 00:01:41 ; elapsed = 00:00:34 . Memory (MB): peak = 359.945 ; gain = 13.375 ; free physical = 121949 ; free virtual = 126981
INFO: [HLS 200-111] Finished Linking Time (s): cpu = 00:02:26 ; elapsed = 00:01:25 . Memory (MB): peak = 359.945 ; gain = 13.375 ; free physical = 121234 ; free virtual = 126928
INFO: [HLS 200-10] Starting code transformations ...
INFO: [HLS 200-111] Finished Standard Transforms Time (s): cpu = 00:02:53 ; elapsed = 00:01:57 . Memory (MB): peak = 1319.953 ; gain = 973.383 ; free physical = 119558 ; free virtual = 125708
INFO: [HLS 200-10] Checking synthesizability ...
INFO: [XFORM 203-602] Inlining function 'fp_struct<float>::data' into 'fp_struct<float>::to_float' (/wrk/2017.4/nightly/2017_12_15_2086221/src/products/hls/src/technology/autopilot/header_files/utils/x_hls_utils.h:349) automatically.
INFO: [XFORM 203-602] Inlining function 'fp_struct<float>::to_float' into 'fp_struct<float>::to_ieee' (/wrk/2017.4/nightly/2017_12_15_2086221/src/products/hls/src/technology/autopilot/header_files/utils/x_hls_utils.h:370) automatically.
INFO: [XFORM 203-602] Inlining function 'fp_struct<float>::to_ieee' into 'hls::generic_copysign<float>' (/wrk/2017.4/nightly/2017_12_15_2086221/src/products/hls/hls_lib/hlsmath/src/../include/internal/hls_basic_math.h:253) automatically.
INFO: [XFORM 203-602] Inlining function 'hls::generic_copysign<float>' into 'hls::generic_fabs<float>' (/wrk/2017.4/nightly/2017_12_15_2086221/src/products/hls/hls_lib/hlsmath/src/../include/internal/hls_basic_math.h:259) automatically.
INFO: [XFORM 203-602] Inlining function 'hls::generic_fabs<float>' into 'hls::abs' (/wrk/2017.4/nightly/2017_12_15_2086221/src/products/hls/hls_lib/hlsmath/src/libhlsmc++-Part1.cpp:336) automatically.
INFO: [XFORM 203-602] Inlining function 'hls::hls_rsr::generic_sqrt' into 'hls::sqrtf' (/wrk/2017.4/nightly/2017_12_15_2086221/src/products/hls/hls_lib/hlsmath/src/libhlsmc++-Part2.cpp:128) automatically.
INFO: [XFORM 203-602] Inlining function 'hls::sqrtf' into 'hls::x_sqrt' (/opt/tools/xilinx/Vivado/2017.4/common/technology/autopilot/hls/linear_algebra/utils/x_hls_matrix_utils.h:110) automatically.
INFO: [XFORM 203-602] Inlining function 'hls::abs' into 'hls::qrf_magnitude<float>' (/opt/tools/xilinx/Vivado/2017.4/common/technology/autopilot/hls/linear_algebra/hls_qrf.h:147) automatically.
INFO: [XFORM 203-602] Inlining function 'hls::x_sqrt' into 'hls::qrf_magnitude<float>' (/opt/tools/xilinx/Vivado/2017.4/common/technology/autopilot/hls/linear_algebra/hls_qrf.h:151) automatically.
INFO: [XFORM 203-602] Inlining function 'hls::generic_copysign<float>' into 'hls::copysignf' (/wrk/2017.4/nightly/2017_12_15_2086221/src/products/hls/hls_lib/hlsmath/src/libhlsmc++-Part1.cpp:254) automatically.
INFO: [XFORM 203-602] Inlining function 'hls::copysignf' into 'hls::x_copysign' (/opt/tools/xilinx/Vivado/2017.4/common/technology/autopilot/hls/linear_algebra/utils/x_hls_matrix_utils.h:124) automatically.
INFO: [XFORM 203-602] Inlining function 'hls::abs' into 'hls::qrf_givens<float>' (/opt/tools/xilinx/Vivado/2017.4/common/technology/autopilot/hls/linear_algebra/hls_qrf.h:234) automatically.
INFO: [XFORM 203-602] Inlining function 'hls::x_copysign' into 'hls::qrf_givens<float>' (/opt/tools/xilinx/Vivado/2017.4/common/technology/autopilot/hls/linear_algebra/hls_qrf.h:235) automatically.
INFO: [XFORM 203-602] Inlining function 'hls::qrf_vm<float>' into 'hls::qrf_mm_or_mag<float>' (/opt/tools/xilinx/Vivado/2017.4/common/technology/autopilot/hls/linear_algebra/hls_qrf.h:122) automatically.
INFO: [XFORM 203-602] Inlining function 'hls::x_real<float const>' into 'hls::qrf_mm_or_mag<float>' (/opt/tools/xilinx/Vivado/2017.4/common/technology/autopilot/hls/linear_algebra/hls_qrf.h:132) automatically.
INFO: [XFORM 203-602] Inlining function 'hls::qrf_vm<float>' into 'hls::qrf_mm<float>' (/opt/tools/xilinx/Vivado/2017.4/common/technology/autopilot/hls/linear_algebra/hls_qrf.h:113) automatically.
INFO: [XFORM 203-602] Inlining function 'hls::qrf_mm_or_mag<float>' into 'hls::qrf_alt<false, 16, 16, MY_CONFIG, float, float>' (/opt/tools/xilinx/Vivado/2017.4/common/technology/autopilot/hls/linear_algebra/hls_qrf.h:667) automatically.
INFO: [XFORM 203-602] Inlining function 'hls::qrf_mm<float>' into 'hls::qrf_alt<false, 16, 16, MY_CONFIG, float, float>' (/opt/tools/xilinx/Vivado/2017.4/common/technology/autopilot/hls/linear_algebra/hls_qrf.h:672) automatically.
INFO: [XFORM 203-602] Inlining function 'hls::x_conj<float>' into 'hls::qrf_alt<false, 16, 16, MY_CONFIG, float, float>' (/opt/tools/xilinx/Vivado/2017.4/common/technology/autopilot/hls/linear_algebra/hls_qrf.h:690) automatically.
INFO: [XFORM 203-602] Inlining function 'hls::qrf_top<false, 16, 16, MY_CONFIG, float, float>' into 'qrf_top' (qrf.cpp:60) automatically.
INFO: [HLS 200-111] Finished Checking Synthesizability Time (s): cpu = 00:03:00 ; elapsed = 00:02:05 . Memory (MB): peak = 1809.168 ; gain = 1462.598 ; free physical = 121182 ; free virtual = 127383
INFO: [XFORM 203-501] Unrolling loop 'update_r' (/opt/tools/xilinx/Vivado/2017.4/common/technology/autopilot/hls/linear_algebra/hls_qrf.h:660) in function 'hls::qrf_alt<false, 16, 16, MY_CONFIG, float, float>' partially with a factor of 2.
INFO: [XFORM 203-501] Unrolling loop 'update_q' (/opt/tools/xilinx/Vivado/2017.4/common/technology/autopilot/hls/linear_algebra/hls_qrf.h:669) in function 'hls::qrf_alt<false, 16, 16, MY_CONFIG, float, float>' partially with a factor of 2.
INFO: [XFORM 203-102] Partitioning array 'G.0' automatically.
INFO: [XFORM 203-102] Partitioning array 'G.1' automatically.
INFO: [XFORM 203-102] Partitioning array 'G.0' automatically.
INFO: [XFORM 203-102] Partitioning array 'G.1' automatically.
INFO: [XFORM 203-102] Partitioning array 'G_delay' (/opt/tools/xilinx/Vivado/2017.4/common/technology/autopilot/hls/linear_algebra/hls_qrf.h:594) in dimension 1 automatically.
INFO: [XFORM 203-102] Partitioning array 'G_delay.0' (/opt/tools/xilinx/Vivado/2017.4/common/technology/autopilot/hls/linear_algebra/hls_qrf.h:594) automatically.
INFO: [XFORM 203-102] Partitioning array 'G_delay.1' (/opt/tools/xilinx/Vivado/2017.4/common/technology/autopilot/hls/linear_algebra/hls_qrf.h:594) automatically.
INFO: [XFORM 203-102] Partitioning array 'CONFIG.SEQUENCE' in dimension 2 automatically.
INFO: [XFORM 203-102] Automatically partitioning streamed array 'to_rot.V' (/opt/tools/xilinx/Vivado/2017.4/common/technology/autopilot/hls/linear_algebra/hls_qrf.h:583) .
INFO: [XFORM 203-102] Automatically partitioning streamed array 'rotations.V' (/opt/tools/xilinx/Vivado/2017.4/common/technology/autopilot/hls/linear_algebra/hls_qrf.h:592) .
INFO: [XFORM 203-101] Partitioning array 'q_i' (/opt/tools/xilinx/Vivado/2017.4/common/technology/autopilot/hls/linear_algebra/hls_qrf.h:577) in dimension 2 with a cyclic factor 2.
INFO: [XFORM 203-101] Partitioning array 'r_i' (/opt/tools/xilinx/Vivado/2017.4/common/technology/autopilot/hls/linear_algebra/hls_qrf.h:578) in dimension 2 with a cyclic factor 2.
INFO: [XFORM 203-101] Partitioning array 'to_rot.V' (/opt/tools/xilinx/Vivado/2017.4/common/technology/autopilot/hls/linear_algebra/hls_qrf.h:583) in dimension 1 completely.
INFO: [XFORM 203-101] Partitioning array 'rotations.V' (/opt/tools/xilinx/Vivado/2017.4/common/technology/autopilot/hls/linear_algebra/hls_qrf.h:592) in dimension 1 completely.
INFO: [XFORM 203-602] Inlining function 'fp_struct<float>::data' into 'fp_struct<float>::to_float' (/wrk/2017.4/nightly/2017_12_15_2086221/src/products/hls/src/technology/autopilot/header_files/utils/x_hls_utils.h:349) automatically.
