
****** Vivado(TM) HLS - High-Level Synthesis from C, C++ and SystemC v2017.4 (64-bit)
  **** SW Build 2086221 on Fri Dec 15 20:54:30 MST 2017
  **** IP Build 2085800 on Fri Dec 15 22:25:07 MST 2017
    ** Copyright 1986-2017 Xilinx, Inc. All Rights Reserved.

source /opt/tools/xilinx/Vivado/2017.4/scripts/vivado_hls/hls.tcl -notrace
INFO: [HLS 200-10] Running '/opt/tools/xilinx/Vivado/2017.4/bin/unwrapped/lnx64.o/vivado_hls'
INFO: [HLS 200-10] For user 'jieliu15' on host 'u11-jieliu15' (Linux_x86_64 version 4.4.0-124-generic) on Fri Sep 28 05:27:13 PDT 2018
INFO: [HLS 200-10] On os Ubuntu 16.04.5 LTS
INFO: [HLS 200-10] In directory '/curr/jieliu15/HLS_design/Cholesky/cholesky_lib/32x32'
INFO: [HLS 200-10] Creating and opening project '/curr/jieliu15/HLS_design/Cholesky/cholesky_lib/32x32/chol'.
INFO: [HLS 200-10] Adding design file 'cholesky.cpp' to the project
INFO: [HLS 200-10] Adding design file 'cholesky.h' to the project
INFO: [HLS 200-10] Adding test bench file 'cholesky_tb.cpp' to the project
INFO: [HLS 200-10] Creating and opening solution '/curr/jieliu15/HLS_design/Cholesky/cholesky_lib/32x32/chol/solution1'.
INFO: [HLS 200-10] Setting target device to 'xc7vx690tffg1157-2'
INFO: [SYN 201-201] Setting up clock 'default' with a period of 4ns.
INFO: [SIM 211-2] *************** CSIM start ***************
INFO: [SIM 211-4] CSIM will launch GCC as the compiler.
   Compiling ../../../../cholesky_tb.cpp in debug mode
   Compiling ../../../../cholesky.cpp in debug mode
   Generating csim.exe
A = 
   |(33.6294479370)     (1.1827149391)     (1.0178900957)     (1.4821995497)     (0.8922296762)     (0.8777924776)     (0.7652898431)     (1.4517624378)     (1.6366423368)     (1.7703779936)     (0.3310016990)     (1.6369316578)     (1.7815432549)     (1.0167095661)     (1.4024509192)     (0.7895039916)     (0.9656472206)     (0.9601896405)     (1.5610616207)     (0.9600148201)     (1.2080320120)     (0.1414211094)     (0.9033687711)     (1.5312045813)     (1.0168328285)     (1.4414557219)     (1.5250644684)     (0.4516303241)     (1.2132668495)     (0.5955214500)     (1.5152499676)     (0.8209063411) |
   | (1.1827149391)    (32.0923423767)     (1.0564231873)     (1.2928484678)     (1.4948971272)     (0.7068383098)     (1.3860806227)     (1.0141944885)     (0.8342595696)     (0.9582799673)     (1.1564545631)     (1.3343263865)     (1.1695359945)     (0.8149100542)     (0.8323574066)     (1.3253297806)     (1.4304114580)     (1.5096199512)     (0.4432786107)     (1.5451412201)     (1.2849813700)     (0.3046528697)     (0.2961052060)     (0.7983010411)     (1.2537170649)     (0.4724686742)     (0.6858740449)     (0.5396233797)     (1.0646960735)     (0.6844509244)     (1.2545759678)     (1.5513405800) |
   | (1.0178900957)     (1.0564231873)    (33.0944328308)     (0.1505265087)     (0.5807078481)     (0.4991995394)     (1.2875009775)     (0.6931521297)     (1.1817214489)     (0.4264474511)     (1.7606433630)     (1.0480892658)     (0.9268440604)     (0.3567130566)     (1.5320359468)     (1.1090755463)     (0.8741548061)     (1.0736140013)     (1.4472445250)     (1.1622900963)     (0.9491846561)     (0.4522994459)     (1.4200083017)     (0.8878520131)     (1.1267592907)     (1.2905461788)     (0.3699206114)     (0.8266722560)     (0.6970010996)     (0.9040399790)     (1.0541976690)     (0.6355428100) |
   | (1.4821995497)     (1.2928484678)     (0.1505265087)    (32.6742439270)     (1.0728299618)     (1.1981966496)     (0.6175644994)     (0.6396523714)     (1.1536307335)     (0.8419139385)     (1.0663356781)     (1.3206070662)     (1.0330915451)     (1.3591102362)     (0.4516926408)     (1.0289955139)     (1.2226816416)     (1.3557397127)     (1.1422501802)     (1.8157671690)     (1.1530559063)     (1.6170933247)     (0.4090045094)     (0.6552798152)     (0.1169893891)     (1.0722515583)     (0.2420072407)     (1.4713433981)     (1.4398005009)     (0.8931286931)     (0.6094810367)     (1.0354440212) |
   | (0.8922296762)     (1.4948971272)     (0.5807078481)     (1.0728299618)    (32.3636932373)     (0.3602574468)     (0.6540476084)     (0.3941332400)     (0.9070310593)     (1.4662165642)     (0.6103313565)     (0.3230872452)     (1.4371004105)     (1.4008573294)     (0.8134015203)     (0.7221844792)     (0.6204846501)     (0.7637627721)     (0.7543396354)     (0.6509990096)     (0.5463192463)     (0.8136622906)     (1.3157532215)     (0.9445961118)     (0.9511634707)     (1.0622800589)     (1.0217363834)     (0.6145848036)     (1.3256541491)     (1.1902390718)     (0.6950803995)     (1.0620971918) |
   | (0.8777924776)     (0.7068383098)     (0.4991995394)     (1.1981966496)     (0.3602574468)    (32.2639465332)     (1.4528222084)     (1.3648543358)     (1.4603766203)     (0.0884536952)     (0.6340376735)     (0.4811729789)     (0.9289630651)     (0.4388563633)     (0.4673728347)     (0.8782717586)     (0.7549137473)     (1.0909506083)     (1.5320270061)     (0.9304471016)     (0.5965414643)     (0.3483986855)     (0.8628479838)     (0.2604078352)     (1.3546915054)     (0.8242290616)     (0.4599833190)     (0.7557700276)     (0.9506594539)     (0.3986463547)     (1.4758354425)     (1.2196768522) |
   | (0.7652898431)     (1.3860806227)     (1.2875009775)     (0.6175644994)     (0.6540476084)     (1.4528222084)    (33.6352539062)     (1.3897274733)     (1.5576049089)     (0.8685107827)     (1.3384562731)     (1.5319060087)     (1.2570352554)     (1.0298248529)     (1.3368592262)     (0.7863869071)     (0.7321725488)     (1.3233847618)     (0.7957683206)     (1.1025938988)     (0.9604933262)     (1.1616895199)     (1.8327267170)     (0.4372508526)     (0.8293897510)     (0.4995222688)     (0.6329796910)     (0.5280510187)     (0.5688945651)     (1.5770697594)     (0.8290881515)     (0.2448351383) |
   | (1.4517624378)     (1.0141944885)     (0.6931521297)     (0.6396523714)     (0.3941332400)     (1.3648543358)     (1.3897274733)    (32.5244216919)     (1.3990269899)     (0.8791429400)     (0.6385462284)     (0.2885387242)     (1.1763296127)     (0.5852497816)     (1.1943265200)     (0.6272545457)     (0.1491071731)     (0.6571897268)     (0.9557669759)     (0.2570632100)     (1.1213645935)     (1.4589926004)     (1.0285910368)     (0.6322794557)     (0.7633860707)     (1.1126608849)     (1.0679347515)     (0.5546259880)     (0.9179351330)     (1.1885303259)     (0.9039911032)     (1.4908100367) |
   | (1.6366423368)     (0.8342595696)     (1.1817214489)     (1.1536307335)     (0.9070310593)     (1.4603766203)     (1.5576049089)     (1.3990269899)    (32.1974258423)     (1.2405518293)     (0.9922167063)     (0.7123287916)     (0.9543136954)     (0.8748841882)     (0.4292336702)     (1.2610613108)     (0.8987539411)     (1.4624675512)     (0.9148998857)     (1.4018148184)     (1.0140062571)     (1.0720046759)     (1.4056632519)     (0.6395319104)     (0.7602503896)     (1.4932056665)     (0.6123064160)     (0.9030315280)     (0.9787170291)     (1.5455975533)     (0.7984041572)     (1.4906309843) |
   | (1.7703779936)     (0.9582799673)     (0.4264474511)     (0.8419139385)     (1.4662165642)     (0.0884536952)     (0.8685107827)     (0.8791429400)     (1.2405518293)    (33.4253883362)     (1.1284450293)     (1.0322881937)     (0.3203468621)     (0.9629772305)     (0.8271704316)     (0.5215831399)     (0.9700227380)     (0.8007774353)     (1.2251033783)     (1.7183995247)     (0.9279337525)     (0.2132699490)     (1.6590968370)     (0.5318781137)     (1.6802279949)     (1.2321772575)     (1.5847585201)     (1.1093708277)     (1.1164876223)     (1.2832001448)     (0.3388565481)     (0.4882446527) |
   | (0.3310016990)     (1.1564545631)     (1.7606433630)     (1.0663356781)     (0.6103313565)     (0.6340376735)     (1.3384562731)     (0.6385462284)     (0.9922167063)     (1.1284450293)    (32.5839691162)     (1.3135176897)     (0.6098433733)     (1.4241489172)     (0.6385255456)     (0.5649418235)     (0.7382259369)     (0.6404238343)     (1.2383933067)     (0.9141546488)     (1.0981453657)     (1.7807725668)     (0.3405263424)     (1.6350494623)     (1.0504964590)     (1.1628679037)     (0.8394412398)     (1.6656595469)     (0.8201324344)     (1.2235308886)     (0.3219907284)     (1.6981019974) |
   | (1.6369316578)     (1.3343263865)     (1.0480892658)     (1.3206070662)     (0.3230872452)     (0.4811729789)     (1.5319060087)     (0.2885387242)     (0.7123287916)     (1.0322881937)     (1.3135176897)    (33.3383522034)     (0.2129458636)     (0.8960592747)     (0.4964886606)     (1.6435827017)     (0.9199095964)     (0.8751004338)     (1.4703483582)     (1.2214504480)     (0.3799958825)     (1.3626581430)     (0.8965445757)     (0.3172698021)     (0.8774844408)     (0.4610145986)     (0.9881525636)     (1.1141957045)     (1.2346413136)     (1.0543385744)     (1.5407664776)     (0.4894524217) |
   | (1.7815432549)     (1.1695359945)     (0.9268440604)     (1.0330915451)     (1.4371004105)     (0.9289630651)     (1.2570352554)     (1.1763296127)     (0.9543136954)     (0.3203468621)     (0.6098433733)     (0.2129458636)    (32.8505172729)     (0.7701432705)     (0.3373591602)     (0.9490516782)     (1.0507820845)     (0.4250872135)     (1.3884867430)     (1.2095645666)     (0.7386017442)     (1.6842861176)     (1.1033706665)     (0.1269743592)     (0.7613381147)     (1.0545573235)     (1.4952869415)     (0.7632636428)     (0.8098031878)     (1.5793086290)     (1.3720588684)     (1.6211004257) |
   | (1.0167095661)     (0.8149100542)     (0.3567130566)     (1.3591102362)     (1.4008573294)     (0.4388563633)     (1.0298248529)     (0.5852497816)     (0.8748841882)     (0.9629772305)     (1.4241489172)     (0.8960592747)     (0.7701432705)    (33.7507438660)     (1.2398101091)     (1.2938406467)     (1.4096894264)     (1.3820034266)     (0.5592312813)     (1.2621093988)     (0.9242624640)     (1.5307469368)     (1.4590976238)     (0.3753596544)     (0.8114600182)     (1.1946386099)     (1.1003177166)     (1.4761584997)     (0.9651343822)     (1.5211677551)     (1.6079456806)     (0.6117059588) |
   | (1.4024509192)     (0.8323574066)     (1.5320359468)     (0.4516926408)     (0.8134015203)     (0.4673728347)     (1.3368592262)     (1.1943265200)     (0.4292336702)     (0.8271704316)     (0.6385255456)     (0.4964886606)     (0.3373591602)     (1.2398101091)    (32.9469718933)     (0.8147308230)     (1.2739782333)     (0.8776596189)     (0.7258093953)     (0.9851613641)     (0.5247164369)     (1.7029833794)     (1.0872656107)     (1.2215577364)     (0.5851827860)     (1.1544284821)     (0.7858656645)     (0.7027092576)     (0.8377330303)     (1.2902814150)     (0.5892412066)     (1.0316882133) |
   | (0.7895039916)     (1.3253297806)     (1.1090755463)     (1.0289955139)     (0.7221844792)     (0.8782717586)     (0.7863869071)     (0.6272545457)     (1.2610613108)     (0.5215831399)     (0.5649418235)     (1.6435827017)     (0.9490516782)     (1.2938406467)     (0.8147308230)    (32.8323173523)     (1.8146699667)     (1.0299706459)     (0.3463916779)     (1.2798769474)     (1.1208457947)     (1.0541167259)     (0.9701625705)     (0.3664484322)     (0.3796647489)     (0.2054490745)     (1.6979287863)     (0.7798551917)     (0.8608084321)     (0.7452373505)     (1.4658133984)     (0.7894986272) |
   | (0.9656472206)     (1.4304114580)     (0.8741548061)     (1.2226816416)     (0.6204846501)     (0.7549137473)     (0.7321725488)     (0.1491071731)     (0.8987539411)     (0.9700227380)     (0.7382259369)     (0.9199095964)     (1.0507820845)     (1.4096894264)     (1.2739782333)     (1.8146699667)    (32.3840560913)     (0.9605953693)     (0.8079720736)     (0.1773028374)     (1.2205674648)     (0.7079466581)     (1.0392568111)     (1.4802430868)     (1.1736319065)     (1.0378677845)     (1.1739002466)     (0.6186465621)     (0.5088466406)     (0.8315576911)     (1.3807499409)     (0.2872802913) |
   | (0.9601896405)     (1.5096199512)     (1.0736140013)     (1.3557397127)     (0.7637627721)     (1.0909506083)     (1.3233847618)     (0.6571897268)     (1.4624675512)     (0.8007774353)     (0.6404238343)     (0.8751004338)     (0.4250872135)     (1.3820034266)     (0.8776596189)     (1.0299706459)     (0.9605953693)    (32.8598442078)     (1.0240634680)     (1.0171427727)     (1.2682304382)     (0.7953810096)     (1.1681489944)     (1.0871698856)     (0.7149794102)     (0.5852177143)     (1.4459052086)     (1.0913311243)     (1.0856778622)     (1.1345249414)     (1.0160391331)     (1.2546128035) |
   | (1.5610616207)     (0.4432786107)     (1.4472445250)     (1.1422501802)     (0.7543396354)     (1.5320270061)     (0.7957683206)     (0.9557669759)     (0.9148998857)     (1.2251033783)     (1.2383933067)     (1.4703483582)     (1.3884867430)     (0.5592312813)     (0.7258093953)     (0.3463916779)     (0.8079720736)     (1.0240634680)    (33.3573036194)     (1.1561216116)     (0.7255114913)     (0.6289370656)     (0.2043129057)     (0.3523209691)     (1.4585785866)     (1.2455879450)     (1.0393638611)     (0.8649184704)     (1.4539021254)     (1.0275604725)     (1.3190494776)     (1.1730118990) |
   | (0.9600148201)     (1.5451412201)     (1.1622900963)     (1.8157671690)     (0.6509990096)     (0.9304471016)     (1.1025938988)     (0.2570632100)     (1.4018148184)     (1.7183995247)     (0.9141546488)     (1.2214504480)     (1.2095645666)     (1.2621093988)     (0.9851613641)     (1.2798769474)     (0.1773028374)     (1.0171427727)     (1.1561216116)    (33.4595031738)     (1.3359352350)     (1.0131927729)     (1.2909147739)     (0.6434916854)     (1.6695671082)     (1.1780320406)     (0.9507427812)     (0.3171084821)     (1.2134875059)     (0.5828152299)     (1.1024694443)     (0.9351803660) |
   | (1.2080320120)     (1.2849813700)     (0.9491846561)     (1.1530559063)     (0.5463192463)     (0.5965414643)     (0.9604933262)     (1.1213645935)     (1.0140062571)     (0.9279337525)     (1.0981453657)     (0.3799958825)     (0.7386017442)     (0.9242624640)     (0.5247164369)     (1.1208457947)     (1.2205674648)     (1.2682304382)     (0.7255114913)     (1.3359352350)    (32.2478637695)     (1.4294990301)     (1.1888471842)     (1.1721713543)     (0.3751075864)     (0.9978253245)     (0.7524403930)     (0.9577916265)     (1.1025646925)     (1.0295499563)     (1.6998795271)     (0.4524338841) |
   | (0.1414211094)     (0.3046528697)     (0.4522994459)     (1.6170933247)     (0.8136622906)     (0.3483986855)     (1.1616895199)     (1.4589926004)     (1.0720046759)     (0.2132699490)     (1.7807725668)     (1.3626581430)     (1.6842861176)     (1.5307469368)     (1.7029833794)     (1.0541167259)     (0.7079466581)     (0.7953810096)     (0.6289370656)     (1.0131927729)     (1.4294990301)    (32.6026115417)     (0.4712028503)     (0.3792875409)     (0.5949565768)     (1.0158513784)     (0.2914070189)     (1.1586356163)     (0.8531811833)     (1.0291097164)     (0.5765486956)     (1.2875866890) |
   | (0.9033687711)     (0.2961052060)     (1.4200083017)     (0.4090045094)     (1.3157532215)     (0.8628479838)     (1.8327267170)     (1.0285910368)     (1.4056632519)     (1.6590968370)     (0.3405263424)     (0.8965445757)     (1.1033706665)     (1.4590976238)     (1.0872656107)     (0.9701625705)     (1.0392568111)     (1.1681489944)     (0.2043129057)     (1.2909147739)     (1.1888471842)     (0.4712028503)    (32.4178924561)     (1.4105817080)     (1.2249312401)     (0.6744960546)     (1.7099627256)     (0.3215748966)     (1.2761753798)     (0.8998373747)     (0.6260485053)     (0.9184237719) |
   | (1.5312045813)     (0.7983010411)     (0.8878520131)     (0.6552798152)     (0.9445961118)     (0.2604078352)     (0.4372508526)     (0.6322794557)     (0.6395319104)     (0.5318781137)     (1.6350494623)     (0.3172698021)     (0.1269743592)     (0.3753596544)     (1.2215577364)     (0.3664484322)     (1.4802430868)     (1.0871698856)     (0.3523209691)     (0.6434916854)     (1.1721713543)     (0.3792875409)     (1.4105817080)    (33.5228500366)     (1.1162993908)     (0.1765581965)     (0.5684661865)     (1.0282824039)     (1.7375581264)     (1.1997591257)     (0.8764837384)     (1.3968347311) |
   | (1.0168328285)     (1.2537170649)     (1.1267592907)     (0.1169893891)     (0.9511634707)     (1.3546915054)     (0.8293897510)     (0.7633860707)     (0.7602503896)     (1.6802279949)     (1.0504964590)     (0.8774844408)     (0.7613381147)     (0.8114600182)     (0.5851827860)     (0.3796647489)     (1.1736319065)     (0.7149794102)     (1.4585785866)     (1.6695671082)     (0.3751075864)     (0.5949565768)     (1.2249312401)     (1.1162993908)    (33.7809524536)     (1.5708942413)     (1.5032993555)     (0.9442542791)     (0.6703754663)     (0.9829168320)     (1.4695529938)     (1.1198631525) |
   | (1.4414557219)     (0.4724686742)     (1.2905461788)     (1.0722515583)     (1.0622800589)     (0.8242290616)     (0.4995222688)     (1.1126608849)     (1.4932056665)     (1.2321772575)     (1.1628679037)     (0.4610145986)     (1.0545573235)     (1.1946386099)     (1.1544284821)     (0.2054490745)     (1.0378677845)     (0.5852177143)     (1.2455879450)     (1.1780320406)     (0.9978253245)     (1.0158513784)     (0.6744960546)     (0.1765581965)     (1.5708942413)    (32.4113502502)     (0.7842783928)     (1.2550017834)     (0.5642645955)     (1.1584988832)     (1.1996928453)     (1.1092295647) |
   | (1.5250644684)     (0.6858740449)     (0.3699206114)     (0.2420072407)     (1.0217363834)     (0.4599833190)     (0.6329796910)     (1.0679347515)     (0.6123064160)     (1.5847585201)     (0.8394412398)     (0.9881525636)     (1.4952869415)     (1.1003177166)     (0.7858656645)     (1.6979287863)     (1.1739002466)     (1.4459052086)     (1.0393638611)     (0.9507427812)     (0.7524403930)     (0.2914070189)     (1.7099627256)     (0.5684661865)     (1.5032993555)     (0.7842783928)    (32.5458793640)     (0.5929725766)     (0.9725199342)     (1.1322667599)     (1.0938000679)     (0.8751792312) |
   | (0.4516303241)     (0.5396233797)     (0.8266722560)     (1.4713433981)     (0.6145848036)     (0.7557700276)     (0.5280510187)     (0.5546259880)     (0.9030315280)     (1.1093708277)     (1.6656595469)     (1.1141957045)     (0.7632636428)     (1.4761584997)     (0.7027092576)     (0.7798551917)     (0.6186465621)     (1.0913311243)     (0.8649184704)     (0.3171084821)     (0.9577916265)     (1.1586356163)     (0.3215748966)     (1.0282824039)     (0.9442542791)     (1.2550017834)     (0.5929725766)    (32.3688659668)     (0.6646233797)     (0.2309371829)     (1.3328486681)     (1.6312961578) |
   | (1.2132668495)     (1.0646960735)     (0.6970010996)     (1.4398005009)     (1.3256541491)     (0.9506594539)     (0.5688945651)     (0.9179351330)     (0.9787170291)     (1.1164876223)     (0.8201324344)     (1.2346413136)     (0.8098031878)     (0.9651343822)     (0.8377330303)     (0.8608084321)     (0.5088466406)     (1.0856778622)     (1.4539021254)     (1.2134875059)     (1.1025646925)     (0.8531811833)     (1.2761753798)     (1.7375581264)     (0.6703754663)     (0.5642645955)     (0.9725199342)     (0.6646233797)    (32.8452911377)     (1.3130633831)     (0.9490813017)     (0.9663157463) |
   | (0.5955214500)     (0.6844509244)     (0.9040399790)     (0.8931286931)     (1.1902390718)     (0.3986463547)     (1.5770697594)     (1.1885303259)     (1.5455975533)     (1.2832001448)     (1.2235308886)     (1.0543385744)     (1.5793086290)     (1.5211677551)     (1.2902814150)     (0.7452373505)     (0.8315576911)     (1.1345249414)     (1.0275604725)     (0.5828152299)     (1.0295499563)     (1.0291097164)     (0.8998373747)     (1.1997591257)     (0.9829168320)     (1.1584988832)     (1.1322667599)     (0.2309371829)     (1.3130633831)    (33.0817680359)     (1.4958740473)     (0.4101268351) |
   | (1.5152499676)     (1.2545759678)     (1.0541976690)     (0.6094810367)     (0.6950803995)     (1.4758354425)     (0.8290881515)     (0.9039911032)     (0.7984041572)     (0.3388565481)     (0.3219907284)     (1.5407664776)     (1.3720588684)     (1.6079456806)     (0.5892412066)     (1.4658133984)     (1.3807499409)     (1.0160391331)     (1.3190494776)     (1.1024694443)     (1.6998795271)     (0.5765486956)     (0.6260485053)     (0.8764837384)     (1.4695529938)     (1.1996928453)     (1.0938000679)     (1.3328486681)     (0.9490813017)     (1.4958740473)    (32.6348571777)     (0.9020401239) |
   | (0.8209063411)     (1.5513405800)     (0.6355428100)     (1.0354440212)     (1.0620971918)     (1.2196768522)     (0.2448351383)     (1.4908100367)     (1.4906309843)     (0.4882446527)     (1.6981019974)     (0.4894524217)     (1.6211004257)     (0.6117059588)     (1.0316882133)     (0.7894986272)     (0.2872802913)     (1.2546128035)     (1.1730118990)     (0.9351803660)     (0.4524338841)     (1.2875866890)     (0.9184237719)     (1.3968347311)     (1.1198631525)     (1.1092295647)     (0.8751792312)     (1.6312961578)     (0.9663157463)     (0.4101268351)     (0.9020401239)    (33.2802314758) |
L = 
   | (5.7990903854)     (0.0000000000)     (0.0000000000)     (0.0000000000)     (0.0000000000)     (0.0000000000)     (0.0000000000)     (0.0000000000)     (0.0000000000)     (0.0000000000)     (0.0000000000)     (0.0000000000)     (0.0000000000)     (0.0000000000)     (0.0000000000)     (0.0000000000)     (0.0000000000)     (0.0000000000)     (0.0000000000)     (0.0000000000)     (0.0000000000)     (0.0000000000)     (0.0000000000)     (0.0000000000)     (0.0000000000)     (0.0000000000)     (0.0000000000)     (0.0000000000)     (0.0000000000)     (0.0000000000)     (0.0000000000)     (0.0000000000) |
   | (0.2039483637)     (5.6613378525)     (0.0000000000)     (0.0000000000)     (0.0000000000)     (0.0000000000)     (0.0000000000)     (0.0000000000)     (0.0000000000)     (0.0000000000)     (0.0000000000)     (0.0000000000)     (0.0000000000)     (0.0000000000)     (0.0000000000)     (0.0000000000)     (0.0000000000)     (0.0000000000)     (0.0000000000)     (0.0000000000)     (0.0000000000)     (0.0000000000)     (0.0000000000)     (0.0000000000)     (0.0000000000)     (0.0000000000)     (0.0000000000)     (0.0000000000)     (0.0000000000)     (0.0000000000)     (0.0000000000)     (0.0000000000) |
   | (0.1755258292)     (0.1802798212)     (5.7472710609)     (0.0000000000)     (0.0000000000)     (0.0000000000)     (0.0000000000)     (0.0000000000)     (0.0000000000)     (0.0000000000)     (0.0000000000)     (0.0000000000)     (0.0000000000)     (0.0000000000)     (0.0000000000)     (0.0000000000)     (0.0000000000)     (0.0000000000)     (0.0000000000)     (0.0000000000)     (0.0000000000)     (0.0000000000)     (0.0000000000)     (0.0000000000)     (0.0000000000)     (0.0000000000)     (0.0000000000)     (0.0000000000)     (0.0000000000)     (0.0000000000)     (0.0000000000)     (0.0000000000) |
   | (0.2555917501)     (0.2191568613)     (0.0115105044)     (5.7062029839)     (0.0000000000)     (0.0000000000)     (0.0000000000)     (0.0000000000)     (0.0000000000)     (0.0000000000)     (0.0000000000)     (0.0000000000)     (0.0000000000)     (0.0000000000)     (0.0000000000)     (0.0000000000)     (0.0000000000)     (0.0000000000)     (0.0000000000)     (0.0000000000)     (0.0000000000)     (0.0000000000)     (0.0000000000)     (0.0000000000)     (0.0000000000)     (0.0000000000)     (0.0000000000)     (0.0000000000)     (0.0000000000)     (0.0000000000)     (0.0000000000)     (0.0000000000) |
   | (0.1538568437)     (0.2585110366)     (0.0882327780)     (0.1710130870)     (5.6776900291)     (0.0000000000)     (0.0000000000)     (0.0000000000)     (0.0000000000)     (0.0000000000)     (0.0000000000)     (0.0000000000)     (0.0000000000)     (0.0000000000)     (0.0000000000)     (0.0000000000)     (0.0000000000)     (0.0000000000)     (0.0000000000)     (0.0000000000)     (0.0000000000)     (0.0000000000)     (0.0000000000)     (0.0000000000)     (0.0000000000)     (0.0000000000)     (0.0000000000)     (0.0000000000)     (0.0000000000)     (0.0000000000)     (0.0000000000)     (0.0000000000) |
   | (0.1513672769)     (0.1194006130)     (0.0784903243)     (0.1984572560)     (0.0467158183)     (5.6726579666)     (0.0000000000)     (0.0000000000)     (0.0000000000)     (0.0000000000)     (0.0000000000)     (0.0000000000)     (0.0000000000)     (0.0000000000)     (0.0000000000)     (0.0000000000)     (0.0000000000)     (0.0000000000)     (0.0000000000)     (0.0000000000)     (0.0000000000)     (0.0000000000)     (0.0000000000)     (0.0000000000)     (0.0000000000)     (0.0000000000)     (0.0000000000)     (0.0000000000)     (0.0000000000)     (0.0000000000)     (0.0000000000)     (0.0000000000) |
   | (0.1319672316)     (0.2400786132)     (0.2124584019)     (0.0926665887)     (0.0945961401)     (0.2405743003)     (5.7827029228)     (0.0000000000)     (0.0000000000)     (0.0000000000)     (0.0000000000)     (0.0000000000)     (0.0000000000)     (0.0000000000)     (0.0000000000)     (0.0000000000)     (0.0000000000)     (0.0000000000)     (0.0000000000)     (0.0000000000)     (0.0000000000)     (0.0000000000)     (0.0000000000)     (0.0000000000)     (0.0000000000)     (0.0000000000)     (0.0000000000)     (0.0000000000)     (0.0000000000)     (0.0000000000)     (0.0000000000)     (0.0000000000) |
   | (0.2503431439)     (0.1701254100)     (0.1076233089)     (0.0941333026)     (0.0503801778)     (0.2251440287)     (0.2118955106)     (5.6845612526)     (0.0000000000)     (0.0000000000)     (0.0000000000)     (0.0000000000)     (0.0000000000)     (0.0000000000)     (0.0000000000)     (0.0000000000)     (0.0000000000)     (0.0000000000)     (0.0000000000)     (0.0000000000)     (0.0000000000)     (0.0000000000)     (0.0000000000)     (0.0000000000)     (0.0000000000)     (0.0000000000)     (0.0000000000)     (0.0000000000)     (0.0000000000)     (0.0000000000)     (0.0000000000)     (0.0000000000) |
   | (0.2822239697)     (0.1371937990)     (0.1926915646)     (0.1838721037)     (0.1373263747)     (0.2367929518)     (0.2350956947)     (0.2035232931)     (5.6441469193)     (0.0000000000)     (0.0000000000)     (0.0000000000)     (0.0000000000)     (0.0000000000)     (0.0000000000)     (0.0000000000)     (0.0000000000)     (0.0000000000)     (0.0000000000)     (0.0000000000)     (0.0000000000)     (0.0000000000)     (0.0000000000)     (0.0000000000)     (0.0000000000)     (0.0000000000)     (0.0000000000)     (0.0000000000)     (0.0000000000)     (0.0000000000)     (0.0000000000)     (0.0000000000) |
   | (0.3052854836)     (0.1582695693)     (0.0599117652)     (0.1276698411)     (0.2379863113)    (-0.0031398411)     (0.1286438555)     (0.1264448166)     (0.1789010167)     (5.7589983940)     (0.0000000000)     (0.0000000000)     (0.0000000000)     (0.0000000000)     (0.0000000000)     (0.0000000000)     (0.0000000000)     (0.0000000000)     (0.0000000000)     (0.0000000000)     (0.0000000000)     (0.0000000000)     (0.0000000000)     (0.0000000000)     (0.0000000000)     (0.0000000000)     (0.0000000000)     (0.0000000000)     (0.0000000000)     (0.0000000000)     (0.0000000000)     (0.0000000000) |
   | (0.0570782125)     (0.2022160739)     (0.2982579470)     (0.1759483218)     (0.0868079960)     (0.0949941352)     (0.2026110142)     (0.0831198394)     (0.1345777363)     (0.1662912816)     (5.6841549873)     (0.0000000000)     (0.0000000000)     (0.0000000000)     (0.0000000000)     (0.0000000000)     (0.0000000000)     (0.0000000000)     (0.0000000000)     (0.0000000000)     (0.0000000000)     (0.0000000000)     (0.0000000000)     (0.0000000000)     (0.0000000000)     (0.0000000000)     (0.0000000000)     (0.0000000000)     (0.0000000000)     (0.0000000000)     (0.0000000000)     (0.0000000000) |
   | (0.2822738588)     (0.2255221605)     (0.1666679382)     (0.2097922117)     (0.0300782081)     (0.0626508296)     (0.2365232557)     (0.0133838924)     (0.0803909451)     (0.1424185485)     (0.1887844652)     (5.7456665039)     (0.0000000000)     (0.0000000000)     (0.0000000000)     (0.0000000000)     (0.0000000000)     (0.0000000000)     (0.0000000000)     (0.0000000000)     (0.0000000000)     (0.0000000000)     (0.0000000000)     (0.0000000000)     (0.0000000000)     (0.0000000000)     (0.0000000000)     (0.0000000000)     (0.0000000000)     (0.0000000000)     (0.0000000000)     (0.0000000000) |
   | (0.3072108328)     (0.1955157816)     (0.1457514465)     (0.1594834030)     (0.2288179100)     (0.1419681013)     (0.1846905053)     (0.1676178575)     (0.1135343313)     (0.0082040848)     (0.0668338612)    (-0.0104830163)     (5.7025418282)     (0.0000000000)     (0.0000000000)     (0.0000000000)     (0.0000000000)     (0.0000000000)     (0.0000000000)     (0.0000000000)     (0.0000000000)     (0.0000000000)     (0.0000000000)     (0.0000000000)     (0.0000000000)     (0.0000000000)     (0.0000000000)     (0.0000000000)     (0.0000000000)     (0.0000000000)     (0.0000000000)     (0.0000000000) |
   | (0.1753222495)     (0.1376270801)     (0.0523949713)     (0.2249366641)     (0.2281235009)     (0.0593153574)     (0.1566432863)     (0.0761875659)     (0.1164678857)     (0.1304202527)     (0.2164327353)     (0.1117653474)     (0.0904783681)     (5.7847838402)     (0.0000000000)     (0.0000000000)     (0.0000000000)     (0.0000000000)     (0.0000000000)     (0.0000000000)     (0.0000000000)     (0.0000000000)     (0.0000000000)     (0.0000000000)     (0.0000000000)     (0.0000000000)     (0.0000000000)     (0.0000000000)     (0.0000000000)     (0.0000000000)     (0.0000000000)     (0.0000000000) |
   | (0.2418398112)     (0.1383126378)     (0.2548430264)     (0.0624995008)     (0.1245689243)     (0.0662874430)     (0.2047610581)     (0.1780884862)     (0.0290957075)     (0.1084736735)     (0.0729032010)     (0.0437164679)     (0.0131028779)     (0.1786732078)     (5.7144565582)     (0.0000000000)     (0.0000000000)     (0.0000000000)     (0.0000000000)     (0.0000000000)     (0.0000000000)     (0.0000000000)     (0.0000000000)     (0.0000000000)     (0.0000000000)     (0.0000000000)     (0.0000000000)     (0.0000000000)     (0.0000000000)     (0.0000000000)     (0.0000000000)     (0.0000000000) |
   | (0.1361427307)     (0.2291973531)     (0.1816269606)     (0.1650620848)     (0.1052777991)     (0.1372136325)     (0.1066183522)     (0.0809747726)     (0.1837924421)     (0.0573592037)     (0.0603134111)     (0.2464759797)     (0.1245059222)     (0.1825486273)     (0.1004559547)     (5.7002458572)     (0.0000000000)     (0.0000000000)     (0.0000000000)     (0.0000000000)     (0.0000000000)     (0.0000000000)     (0.0000000000)     (0.0000000000)     (0.0000000000)     (0.0000000000)     (0.0000000000)     (0.0000000000)     (0.0000000000)     (0.0000000000)     (0.0000000000)     (0.0000000000) |
   | (0.1665170193)     (0.2466644198)     (0.1392762214)     (0.1970592290)     (0.0854416043)     (0.1139193252)     (0.0981615782)    (-0.0033133826)     (0.1229123324)     (0.1376056671)     (0.0924242288)     (0.1171172112)     (0.1449075788)     (0.2031339258)     (0.1829610020)     (0.2639167309)     (5.6555848122)     (0.0000000000)     (0.0000000000)     (0.0000000000)     (0.0000000000)     (0.0000000000)     (0.0000000000)     (0.0000000000)     (0.0000000000)     (0.0000000000)     (0.0000000000)     (0.0000000000)     (0.0000000000)     (0.0000000000)     (0.0000000000)     (0.0000000000) |
   | (0.1655759066)     (0.2606894672)     (0.1735700518)     (0.2198116779)     (0.1088455766)     (0.1714239866)     (0.1954390556)     (0.0785506368)     (0.2105964720)     (0.0993909538)     (0.0652838722)     (0.1026560366)     (0.0239156540)     (0.1939059794)     (0.1056171209)     (0.1219353229)     (0.1063552573)     (5.6970071793)     (0.0000000000)     (0.0000000000)     (0.0000000000)     (0.0000000000)     (0.0000000000)     (0.0000000000)     (0.0000000000)     (0.0000000000)     (0.0000000000)     (0.0000000000)     (0.0000000000)     (0.0000000000)     (0.0000000000)     (0.0000000000) |
   | (0.2691907883)     (0.0686017349)     (0.2414410561)     (0.1849975437)     (0.1131179258)     (0.2507007718)     (0.1045051441)     (0.1317639053)     (0.1103253514)     (0.1767679751)     (0.1749761105)     (0.2066204995)     (0.1931270659)     (0.0461394452)     (0.0783287883)     (0.0033819946)     (0.0879236311)     (0.1207536459)     (5.7357716560)     (0.0000000000)     (0.0000000000)     (0.0000000000)     (0.0000000000)     (0.0000000000)     (0.0000000000)     (0.0000000000)     (0.0000000000)     (0.0000000000)     (0.0000000000)     (0.0000000000)     (0.0000000000)     (0.0000000000) |
   | (0.1655457616)     (0.2669648826)     (0.1888033897)     (0.3001601100)     (0.0860429704)     (0.1401645094)     (0.1568242013)     (0.0092364838)     (0.2025357634)     (0.2601775825)     (0.1086789742)     (0.1562285870)     (0.1631322354)     (0.1646490395)     (0.1237451509)     (0.1590366066)    (-0.0443769097)     (0.1055650190)     (0.1310793906)     (5.7370553017)     (0.0000000000)     (0.0000000000)     (0.0000000000)     (0.0000000000)     (0.0000000000)     (0.0000000000)     (0.0000000000)     (0.0000000000)     (0.0000000000)     (0.0000000000)     (0.0000000000)     (0.0000000000) |
   | (0.2083140612)     (0.2194703966)     (0.1519075930)     (0.1840042323)     (0.0726814643)     (0.0858449489)     (0.1389419287)     (0.1663764268)     (0.1355680078)     (0.1244691834)     (0.1528467983)     (0.0187347475)     (0.0826667249)     (0.1170998290)     (0.0471666269)     (0.1498539746)     (0.1611140072)     (0.1630620658)     (0.0680774748)     (0.1667289734)     (5.6437520981)     (0.0000000000)     (0.0000000000)     (0.0000000000)     (0.0000000000)     (0.0000000000)     (0.0000000000)     (0.0000000000)     (0.0000000000)     (0.0000000000)     (0.0000000000)     (0.0000000000) |
   | (0.0243867747)     (0.0529343486)     (0.0762928948)     (0.2801128924)     (0.1306150407)     (0.0477212742)     (0.1867224425)     (0.2379098535)     (0.1541595608)     (0.0077265315)     (0.2816823125)     (0.2003976256)     (0.2569617331)     (0.2154972255)     (0.2583426535)     (0.1274781525)     (0.0635532513)     (0.0799430609)     (0.0464376621)     (0.1064363718)     (0.1913509220)     (5.6572790146)     (0.0000000000)     (0.0000000000)     (0.0000000000)     (0.0000000000)     (0.0000000000)     (0.0000000000)     (0.0000000000)     (0.0000000000)     (0.0000000000)     (0.0000000000) |
   | (0.1557776779)     (0.0466911942)     (0.2408530563)     (0.0624204911)     (0.2197706699)     (0.1396407336)     (0.2921852469)     (0.1487236172)     (0.2011286020)     (0.2496114522)     (0.0117684398)     (0.1128514856)     (0.1451694220)     (0.2072521001)     (0.1360154003)     (0.1139129326)     (0.1240582317)     (0.1392633766)    (-0.0328769051)     (0.1534838527)     (0.1447126865)     (0.0091483798)     (5.6447024345)     (0.0000000000)     (0.0000000000)     (0.0000000000)     (0.0000000000)     (0.0000000000)     (0.0000000000)     (0.0000000000)     (0.0000000000)     (0.0000000000) |
   | (0.2640421987)     (0.1314972043)     (0.1422935277)     (0.0976720303)     (0.1480742693)     (0.0294870287)     (0.0536864586)     (0.0868711323)     (0.0786612779)     (0.0594465584)     (0.2602915466)     (0.0147562614)    (-0.0184783321)     (0.0272715800)     (0.1780212224)     (0.0295142196)     (0.2222449780)     (0.1461555809)     (0.0107910652)     (0.0671469048)     (0.1540349722)     (0.0130022746)     (0.1969024092)     (5.7552971840)     (0.0000000000)     (0.0000000000)     (0.0000000000)     (0.0000000000)     (0.0000000000)     (0.0000000000)     (0.0000000000)     (0.0000000000) |
   | (0.1753435135)     (0.2151357383)     (0.1839477122)     (0.0040144427)     (0.1500000954)     (0.2256826758)     (0.1118273884)     (0.1021452919)     (0.0928302482)     (0.2608469427)     (0.1442495883)     (0.1095885336)     (0.0898982882)     (0.0987471417)     (0.0570543297)     (0.0180298239)     (0.1580807120)     (0.0701565370)     (0.1917298436)     (0.2263027281)     (0.0033030505)     (0.0528477281)     (0.1471683085)     (0.1398509592)     (5.7689604759)     (0.0000000000)     (0.0000000000)     (0.0000000000)     (0.0000000000)     (0.0000000000)     (0.0000000000)     (0.0000000000) |
   | (0.2485658377)     (0.0745007843)     (0.2146210819)     (0.1734818071)     (0.1684087962)     (0.1266720295)     (0.0589265563)     (0.1669154018)     (0.2194543481)     (0.1739656329)     (0.1632873267)     (0.0347160026)     (0.1354499161)     (0.1595453918)     (0.1537062824)    (-0.0172167812)     (0.1298339516)     (0.0429578722)     (0.1495671868)     (0.1369112730)     (0.1122664213)     (0.1082866713)     (0.0447383821)    (-0.0287495460)     (0.2032019049)     (5.6471085548)     (0.0000000000)     (0.0000000000)     (0.0000000000)     (0.0000000000)     (0.0000000000)     (0.0000000000) |
   | (0.2629834116)     (0.1116766036)     (0.0528298058)     (0.0262360200)     (0.1661339402)     (0.0687028021)     (0.0908855572)     (0.1639261395)     (0.0733411834)     (0.2423028350)     (0.1193358824)     (0.1354933381)     (0.2230367362)     (0.1486964673)     (0.0955703929)     (0.2526622415)     (0.1491777450)     (0.2010966986)     (0.1186784506)     (0.0984438881)     (0.0676857308)    (-0.0155452238)     (0.2281967700)     (0.0391439088)     (0.1885964572)     (0.0648176521)     (5.6539483070)     (0.0000000000)     (0.0000000000)     (0.0000000000)     (0.0000000000)     (0.0000000000) |
   | (0.0778795108)     (0.0925116986)     (0.1385569721)     (0.2505288720)     (0.0922238156)     (0.1177636087)     (0.0701843426)     (0.0764991194)     (0.1280931085)     (0.1679930389)     (0.2589928508)     (0.1539950520)     (0.0992326066)     (0.2112855017)     (0.0850837901)     (0.0869713128)     (0.0547438189)     (0.1369321793)     (0.0910519361)    (-0.0137961386)     (0.1150019765)     (0.1332748681)    (-0.0033468986)     (0.1322975308)     (0.1081558838)     (0.1548419297)     (0.0415101051)     (5.6496272087)     (0.0000000000)     (0.0000000000)     (0.0000000000)     (0.0000000000) |
   | (0.2092167586)     (0.1805274189)     (0.1092227474)     (0.2357969731)     (0.2107961327)     (0.1467071921)     (0.0687660724)     (0.1306475699)     (0.1282846779)     (0.1544321775)     (0.1051428393)     (0.1708240956)     (0.0932881385)     (0.1178886294)     (0.1029600278)     (0.0960654616)     (0.0315371230)     (0.1305233836)     (0.1891037524)     (0.1367386878)     (0.1313818097)     (0.0798491314)     (0.1565013677)     (0.2446805835)     (0.0400574505)     (0.0252477899)     (0.0935023576)     (0.0449653417)     (5.6830606461)     (0.0000000000)     (0.0000000000)     (0.0000000000) |
   | (0.1026922166)     (0.1171996817)     (0.1504863948)     (0.1471143067)     (0.1947456449)     (0.0562352017)     (0.2521010041)     (0.1824147552)     (0.2317507416)     (0.1844722331)     (0.1711509824)     (0.1382453740)     (0.2300647944)     (0.2109928578)     (0.1756265163)     (0.0702663437)     (0.0841040313)     (0.1332440078)     (0.1104444489)     (0.0228299126)     (0.1162128672)     (0.0939224213)     (0.0736382678)     (0.1522831619)     (0.0994900614)     (0.1232937798)     (0.1171980426)    (-0.0406550579)     (0.1453432292)     (5.6970000267)     (0.0000000000)     (0.0000000000) |
