
****** Vivado(TM) HLS - High-Level Synthesis from C, C++ and SystemC v2017.4 (64-bit)
  **** SW Build 2086221 on Fri Dec 15 20:54:30 MST 2017
  **** IP Build 2085800 on Fri Dec 15 22:25:07 MST 2017
    ** Copyright 1986-2017 Xilinx, Inc. All Rights Reserved.

source /opt/tools/xilinx/Vivado/2017.4/scripts/vivado_hls/hls.tcl -notrace
INFO: [HLS 200-10] Running '/opt/tools/xilinx/Vivado/2017.4/bin/unwrapped/lnx64.o/vivado_hls'
INFO: [HLS 200-10] For user 'jieliu15' on host 'u11-jieliu15' (Linux_x86_64 version 4.4.0-124-generic) on Fri Sep 28 05:08:53 PDT 2018
INFO: [HLS 200-10] On os Ubuntu 16.04.5 LTS
INFO: [HLS 200-10] In directory '/curr/jieliu15/HLS_design/QR/qrf/8x8'
INFO: [HLS 200-10] Creating and opening project '/curr/jieliu15/HLS_design/QR/qrf/8x8/qr'.
INFO: [HLS 200-10] Adding design file 'qrf.cpp' to the project
INFO: [HLS 200-10] Adding design file 'qrf.h' to the project
INFO: [HLS 200-10] Adding test bench file 'qrf_tb.cpp' to the project
INFO: [HLS 200-10] Creating and opening solution '/curr/jieliu15/HLS_design/QR/qrf/8x8/qr/solution1'.
INFO: [HLS 200-10] Setting target device to 'xc7vx690tffg1157-2'
INFO: [SYN 201-201] Setting up clock 'default' with a period of 4ns.
INFO: [SIM 211-2] *************** CSIM start ***************
INFO: [SIM 211-4] CSIM will launch GCC as the compiler.
   Compiling ../../../../qrf_tb.cpp in debug mode
   Compiling ../../../../qrf.cpp in debug mode
   Generating csim.exe
A = 
   |(82.0000000000)    (41.0000000000)    (62.0000000000)    (23.0000000000)    (26.0000000000)    (61.0000000000)    (54.0000000000)    (57.0000000000) |
   |(23.0000000000)    (20.0000000000)    (52.0000000000)    (26.0000000000)    (61.0000000000)     (7.0000000000)    (64.0000000000)    (14.0000000000) |
   |(46.0000000000)    (28.0000000000)    (25.0000000000)    (86.0000000000)    (60.0000000000)    (56.0000000000)    (21.0000000000)    (85.0000000000) |
   |(61.0000000000)    (79.0000000000)    (17.0000000000)    (11.0000000000)    (54.0000000000)    (83.0000000000)    (54.0000000000)    (75.0000000000) |
   |(15.0000000000)    (15.0000000000)    (93.0000000000)    (66.0000000000)    (89.0000000000)    (53.0000000000)    (41.0000000000)    (83.0000000000) |
   |(29.0000000000)    (17.0000000000)    (47.0000000000)    (61.0000000000)     (3.0000000000)    (90.0000000000)    (11.0000000000)    (45.0000000000) |
   |(17.0000000000)    (85.0000000000)    (60.0000000000)    (34.0000000000)    (29.0000000000)    (51.0000000000)    (49.0000000000)    (86.0000000000) |
   |(31.0000000000)    (99.0000000000)    (54.0000000000)    (50.0000000000)    (73.0000000000)    (19.0000000000)    (89.0000000000)    (69.0000000000) |
Q = 
   | (0.6606462002)    (-0.3665806055)     (0.0329794474)     (0.4390668571)    (-0.2503126860)     (0.3353572190)    (-0.2287341505)    (-0.0886450186) |
   | (0.1853032261)    (-0.0243263971)     (0.3149668574)     (0.1645996720)     (0.3714588881)     (0.2074687183)     (0.6403692365)     (0.4976706505) |
   | (0.3706064522)    (-0.1594692767)    (-0.0960540697)    (-0.7941579819)     (0.1600795984)     (0.1788422763)    (-0.2372042835)     (0.2888444066) |
   | (0.4914563596)     (0.1751830727)    (-0.4444378018)     (0.1430742443)     (0.3274949789)    (-0.6297702789)     (0.0747037530)    (-0.0184961241) |
   | (0.1208499223)     (0.0022028387)     (0.7751086354)    (-0.0234854743)     (0.3526953459)    (-0.3062295914)    (-0.3305340409)    (-0.2379547358) |
   | (0.2336431891)    (-0.1065576375)     (0.2470574081)    (-0.3193358183)    (-0.6028121114)    (-0.3423852921)     (0.5019531250)    (-0.1961548328) |
   | (0.1369632334)     (0.6304566860)     (0.1762991995)     (0.0976088196)    (-0.4053211808)    (-0.0804645568)    (-0.2854684293)     (0.5393556952) |
   | (0.2497564852)     (0.6325127482)    (-0.0067013055)    (-0.1300600022)     (0.1200907528)     (0.4454416931)     (0.1818228811)    (-0.5241080523) |
R = 
   |(124.1208953857)    (122.1470413208)    (112.1406555176)     (96.6638183594)    (110.9160537720)    (142.3048095703)    (118.3201293945)    (158.1683807373) |
   |  (0.0000000000)    (108.2871475220)     (42.1781578064)     (25.8553524017)     (53.2097702026)     (17.7758159637)     (70.8629760742)     (71.5985794067) |
   |  (0.0000000000)      (0.0000000000)    (102.3790817261)     (67.6849670410)     (64.6568832397)     (34.1290168762)     (38.4613189697)     (54.9428825378) |
   |  (0.0000000000)      (0.0000000000)      (0.0000000000)    (-76.5594711304)    (-28.1790866852)    (-32.1404533386)     (14.0245723724)    (-46.3408508301) |
   |  (0.0000000000)      (0.0000000000)      (0.0000000000)      (0.0000000000)     (70.0341262817)    (-30.4722270966)     (29.9597988129)      (4.6772999763) |
   |  (0.0000000000)      (0.0000000000)      (0.0000000000)      (0.0000000000)      (0.0000000000)    (-63.0318336487)     (20.5152721405)    (-27.0201244354) |
   |  (0.0000000000)      (0.0000000000)      (0.0000000000)      (0.0000000000)      (0.0000000000)      (0.0000000000)     (21.8485717773)    (-35.4832038879) |
   |  (0.0000000000)      (0.0000000000)      (0.0000000000)      (0.0000000000)      (0.0000000000)      (0.0000000000)      (0.0000000000)      (6.7231140137) |
A reconstructed = 
   |(82.0000000000)    (41.0000076294)    (62.0000076294)    (23.0000000000)    (26.0000114441)    (61.0000190735)    (54.0000228882)    (57.0000152588) |
   |(23.0000019073)    (20.0000057220)    (52.0000000000)    (26.0000057220)    (61.0000076294)     (7.0000085831)    (64.0000000000)    (14.0000085831) |
   |(46.0000038147)    (28.0000095367)    (25.0000038147)    (86.0000000000)    (60.0000076294)    (56.0000076294)    (21.0000190735)    (85.0000152588) |
   |(61.0000038147)    (79.0000152588)    (17.0000076294)    (11.0000219345)    (54.0000076294)    (83.0000000000)    (54.0000076294)    (75.0000305176) |
   |(15.0000009537)    (14.9999990463)    (93.0000152588)    (66.0000076294)    (89.0000305176)    (53.0000076294)    (41.0000076294)    (83.0000305176) |
   |(29.0000019073)    (17.0000019073)    (47.0000076294)    (61.0000114441)     (3.0000076294)    (90.0000305176)    (11.0000076294)    (45.0000076294) |
   |(17.0000000000)    (85.0000076294)    (60.0000000000)    (33.9999923706)    (28.9999923706)    (51.0000000000)    (48.9999961853)    (86.0000076294) |
   |(30.9999980927)    (99.0000152588)    (54.0000076294)    (50.0000000000)    (73.0000000000)    (19.0000190735)    (89.0000000000)    (69.0000076294) |
I reconstructed = 
   | (1.0000003576)     (0.0000000708)     (0.0000000205)     (0.0000000555)    (-0.0000000075)    (-0.0000000540)    (-0.0000000596)     (0.0000000335) |
   | (0.0000000708)     (1.0000000000)     (0.0000001192)    (-0.0000000354)    (-0.0000000298)     (0.0000000000)     (0.0000000298)    (-0.0000000298) |
   | (0.0000000205)     (0.0000001192)     (0.9999998808)     (0.0000002570)     (0.0000000373)    (-0.0000000037)     (0.0000000000)    (-0.0000000596) |
   | (0.0000000555)    (-0.0000000354)     (0.0000002570)     (1.0000000000)     (0.0000000037)    (-0.0000000231)     (0.0000000503)    (-0.0000000168) |
   |(-0.0000000075)    (-0.0000000298)     (0.0000000373)     (0.0000000037)     (1.0000003576)    (-0.0000000298)    (-0.0000000447)     (0.0000000075) |
   |(-0.0000000540)     (0.0000000000)    (-0.0000000037)    (-0.0000000231)    (-0.0000000298)     (1.0000001192)    (-0.0000000075)     (0.0000000969) |
   |(-0.0000000596)     (0.0000000298)     (0.0000000000)     (0.0000000503)    (-0.0000000447)    (-0.0000000075)     (1.0000000000)    (-0.0000000298) |
   | (0.0000000335)    (-0.0000000298)    (-0.0000000596)    (-0.0000000168)     (0.0000000075)     (0.0000000969)    (-0.0000000298)     (1.0000000000) |
INFO: [SIM 211-1] CSim done with 0 errors.
INFO: [SIM 211-3] *************** CSIM finish ***************
INFO: [HLS 200-10] Analyzing design file 'qrf.cpp' ...
INFO: [HLS 200-10] Validating synthesis directives ...
WARNING: [HLS 200-40] Directive 'RESOURCE' for core 'ROM_1P_LUTRAM' cannot be applied: Variable 'second_order_float::sin_K1' can not be recognized(UNKNOWN VARIABLE) in 'sincos_approximation'.
WARNING: [HLS 200-40] Directive 'RESOURCE' for core 'ROM_1P_LUTRAM' cannot be applied: Variable 'first_order_fixed_16::sin_cos_K1' can not be recognized(UNKNOWN VARIABLE) in 'sin_or_cos_approximation'.
WARNING: [HLS 200-40] Directive 'RESOURCE' for core 'ROM_1P_LUTRAM' cannot be applied: Variable 'fourth_order_double::sin_K1' can not be recognized(UNKNOWN VARIABLE) in 'sincos_approximation'.
WARNING: [HLS 200-40] Directive 'RESOURCE' for core 'ROM_1P_LUTRAM' cannot be applied: Variable 'second_order_float::cos_K1' can not be recognized(UNKNOWN VARIABLE) in 'sincos_approximation'.
WARNING: [HLS 200-40] Directive 'RESOURCE' for core 'ROM_1P_LUTRAM' cannot be applied: Variable 'fourth_order_double::cos_K4' can not be recognized(UNKNOWN VARIABLE) in 'sincos_approximation'.
WARNING: [HLS 200-40] Directive 'RESOURCE' for core 'ROM_1P_LUTRAM' cannot be applied: Variable 'second_order_float::cos_K0' can not be recognized(UNKNOWN VARIABLE) in 'sincos_approximation'.
WARNING: [HLS 200-40] Directive 'RESOURCE' for core 'ROM_1P_LUTRAM' cannot be applied: Variable 'fourth_order_double::cos_K0' can not be recognized(UNKNOWN VARIABLE) in 'sincos_approximation'.
WARNING: [HLS 200-40] Directive 'RESOURCE' for core 'ROM_1P_LUTRAM' cannot be applied: Variable 'fourth_order_double::cos_K3' can not be recognized(UNKNOWN VARIABLE) in 'sincos_approximation'.
WARNING: [HLS 200-40] Directive 'RESOURCE' for core 'ROM_1P_LUTRAM' cannot be applied: Variable 'second_order_float::sin_cos_K0' can not be recognized(UNKNOWN VARIABLE) in 'sin_or_cos_approximation'.
WARNING: [HLS 200-40] Directive 'RESOURCE' for core 'ROM_1P_LUTRAM' cannot be applied: Variable 'fourth_order_double::sin_K2' can not be recognized(UNKNOWN VARIABLE) in 'sincos_approximation'.
WARNING: [HLS 200-40] Directive 'RESOURCE' for core 'ROM_1P_LUTRAM' cannot be applied: Variable 'fourth_order_double::sin_cos_K2' can not be recognized(UNKNOWN VARIABLE) in 'sin_or_cos_approximation'.
WARNING: [HLS 200-40] Directive 'RESOURCE' for core 'ROM_1P_LUTRAM' cannot be applied: Variable 'second_order_float::sin_cos_K1' can not be recognized(UNKNOWN VARIABLE) in 'sin_or_cos_approximation'.
WARNING: [HLS 200-40] Directive 'RESOURCE' for core 'ROM_1P_LUTRAM' cannot be applied: Variable 'fourth_order_double::sin_cos_K1' can not be recognized(UNKNOWN VARIABLE) in 'sin_or_cos_approximation'.
WARNING: [HLS 200-40] Directive 'RESOURCE' for core 'ROM_1P_LUTRAM' cannot be applied: Variable 'fourth_order_double::sin_K0' can not be recognized(UNKNOWN VARIABLE) in 'sincos_approximation'.
WARNING: [HLS 200-40] Directive 'RESOURCE' for core 'ROM_1P_LUTRAM' cannot be applied: Variable 'fourth_order_double::sin_cos_K0' can not be recognized(UNKNOWN VARIABLE) in 'sin_or_cos_approximation'.
WARNING: [HLS 200-40] Directive 'RESOURCE' for core 'ROM_1P_LUTRAM' cannot be applied: Variable 'fourth_order_double::sin_K3' can not be recognized(UNKNOWN VARIABLE) in 'sincos_approximation'.
WARNING: [HLS 200-40] Directive 'RESOURCE' for core 'ROM_1P_LUTRAM' cannot be applied: Variable 'second_order_float::sin_cos_K2' can not be recognized(UNKNOWN VARIABLE) in 'sin_or_cos_approximation'.
WARNING: [HLS 200-40] Directive 'RESOURCE' for core 'ROM_1P_LUTRAM' cannot be applied: Variable 'fourth_order_double::sin_K4' can not be recognized(UNKNOWN VARIABLE) in 'sincos_approximation'.
WARNING: [HLS 200-40] Directive 'RESOURCE' for core 'ROM_1P_LUTRAM' cannot be applied: Variable 'second_order_float::sin_K2' can not be recognized(UNKNOWN VARIABLE) in 'sincos_approximation'.
WARNING: [HLS 200-40] Directive 'RESOURCE' for core 'ROM_1P_LUTRAM' cannot be applied: Variable 'fourth_order_double::cos_K1' can not be recognized(UNKNOWN VARIABLE) in 'sincos_approximation'.
WARNING: [HLS 200-40] Directive 'RESOURCE' for core 'ROM_1P_LUTRAM' cannot be applied: Variable 'fourth_order_double::sin_cos_K3' can not be recognized(UNKNOWN VARIABLE) in 'sin_or_cos_approximation'.
WARNING: [HLS 200-40] Directive 'RESOURCE' for core 'ROM_1P_LUTRAM' cannot be applied: Variable 'second_order_float::sin_K0' can not be recognized(UNKNOWN VARIABLE) in 'sincos_approximation'.
WARNING: [HLS 200-40] Directive 'RESOURCE' for core 'ROM_1P_LUTRAM' cannot be applied: Variable 'first_order_fixed_16::sin_cos_K0' can not be recognized(UNKNOWN VARIABLE) in 'sin_or_cos_approximation'.
WARNING: [HLS 200-40] Directive 'RESOURCE' for core 'ROM_1P_LUTRAM' cannot be applied: Variable 'fourth_order_double::sin_cos_K4' can not be recognized(UNKNOWN VARIABLE) in 'sin_or_cos_approximation'.
WARNING: [HLS 200-40] Directive 'RESOURCE' for core 'ROM_1P_LUTRAM' cannot be applied: Variable 'fourth_order_double::cos_K2' can not be recognized(UNKNOWN VARIABLE) in 'sincos_approximation'.
WARNING: [HLS 200-40] Directive 'RESOURCE' for core 'ROM_1P_LUTRAM' cannot be applied: Variable 'second_order_float::cos_K2' can not be recognized(UNKNOWN VARIABLE) in 'sincos_approximation'.
INFO: [HLS 200-111] Finished Checking Pragmas Time (s): cpu = 00:01:47 ; elapsed = 00:00:34 . Memory (MB): peak = 359.945 ; gain = 13.375 ; free physical = 124082 ; free virtual = 128736
INFO: [HLS 200-111] Finished Linking Time (s): cpu = 00:02:32 ; elapsed = 00:01:24 . Memory (MB): peak = 359.945 ; gain = 13.375 ; free physical = 123851 ; free virtual = 128734
INFO: [HLS 200-10] Starting code transformations ...
INFO: [HLS 200-111] Finished Standard Transforms Time (s): cpu = 00:02:57 ; elapsed = 00:01:55 . Memory (MB): peak = 1319.953 ; gain = 973.383 ; free physical = 122727 ; free virtual = 127928
INFO: [HLS 200-10] Checking synthesizability ...
INFO: [XFORM 203-602] Inlining function 'fp_struct<float>::data' into 'fp_struct<float>::to_float' (/wrk/2017.4/nightly/2017_12_15_2086221/src/products/hls/src/technology/autopilot/header_files/utils/x_hls_utils.h:349) automatically.
INFO: [XFORM 203-602] Inlining function 'fp_struct<float>::to_float' into 'fp_struct<float>::to_ieee' (/wrk/2017.4/nightly/2017_12_15_2086221/src/products/hls/src/technology/autopilot/header_files/utils/x_hls_utils.h:370) automatically.
INFO: [XFORM 203-602] Inlining function 'fp_struct<float>::to_ieee' into 'hls::generic_copysign<float>' (/wrk/2017.4/nightly/2017_12_15_2086221/src/products/hls/hls_lib/hlsmath/src/../include/internal/hls_basic_math.h:253) automatically.
INFO: [XFORM 203-602] Inlining function 'hls::generic_copysign<float>' into 'hls::generic_fabs<float>' (/wrk/2017.4/nightly/2017_12_15_2086221/src/products/hls/hls_lib/hlsmath/src/../include/internal/hls_basic_math.h:259) automatically.
INFO: [XFORM 203-602] Inlining function 'hls::generic_fabs<float>' into 'hls::abs' (/wrk/2017.4/nightly/2017_12_15_2086221/src/products/hls/hls_lib/hlsmath/src/libhlsmc++-Part1.cpp:336) automatically.
INFO: [XFORM 203-602] Inlining function 'hls::hls_rsr::generic_sqrt' into 'hls::sqrtf' (/wrk/2017.4/nightly/2017_12_15_2086221/src/products/hls/hls_lib/hlsmath/src/libhlsmc++-Part2.cpp:128) automatically.
INFO: [XFORM 203-602] Inlining function 'hls::sqrtf' into 'hls::x_sqrt' (/opt/tools/xilinx/Vivado/2017.4/common/technology/autopilot/hls/linear_algebra/utils/x_hls_matrix_utils.h:110) automatically.
INFO: [XFORM 203-602] Inlining function 'hls::abs' into 'hls::qrf_magnitude<float>' (/opt/tools/xilinx/Vivado/2017.4/common/technology/autopilot/hls/linear_algebra/hls_qrf.h:147) automatically.
INFO: [XFORM 203-602] Inlining function 'hls::x_sqrt' into 'hls::qrf_magnitude<float>' (/opt/tools/xilinx/Vivado/2017.4/common/technology/autopilot/hls/linear_algebra/hls_qrf.h:151) automatically.
INFO: [XFORM 203-602] Inlining function 'hls::generic_copysign<float>' into 'hls::copysignf' (/wrk/2017.4/nightly/2017_12_15_2086221/src/products/hls/hls_lib/hlsmath/src/libhlsmc++-Part1.cpp:254) automatically.
INFO: [XFORM 203-602] Inlining function 'hls::copysignf' into 'hls::x_copysign' (/opt/tools/xilinx/Vivado/2017.4/common/technology/autopilot/hls/linear_algebra/utils/x_hls_matrix_utils.h:124) automatically.
INFO: [XFORM 203-602] Inlining function 'hls::abs' into 'hls::qrf_givens<float>' (/opt/tools/xilinx/Vivado/2017.4/common/technology/autopilot/hls/linear_algebra/hls_qrf.h:234) automatically.
INFO: [XFORM 203-602] Inlining function 'hls::x_copysign' into 'hls::qrf_givens<float>' (/opt/tools/xilinx/Vivado/2017.4/common/technology/autopilot/hls/linear_algebra/hls_qrf.h:235) automatically.
INFO: [XFORM 203-602] Inlining function 'hls::qrf_vm<float>' into 'hls::qrf_mm_or_mag<float>' (/opt/tools/xilinx/Vivado/2017.4/common/technology/autopilot/hls/linear_algebra/hls_qrf.h:122) automatically.
INFO: [XFORM 203-602] Inlining function 'hls::x_real<float const>' into 'hls::qrf_mm_or_mag<float>' (/opt/tools/xilinx/Vivado/2017.4/common/technology/autopilot/hls/linear_algebra/hls_qrf.h:132) automatically.
INFO: [XFORM 203-602] Inlining function 'hls::qrf_vm<float>' into 'hls::qrf_mm<float>' (/opt/tools/xilinx/Vivado/2017.4/common/technology/autopilot/hls/linear_algebra/hls_qrf.h:113) automatically.
INFO: [XFORM 203-602] Inlining function 'hls::qrf_mm_or_mag<float>' into 'hls::qrf_alt<false, 8, 8, MY_CONFIG, float, float>' (/opt/tools/xilinx/Vivado/2017.4/common/technology/autopilot/hls/linear_algebra/hls_qrf.h:667) automatically.
INFO: [XFORM 203-602] Inlining function 'hls::qrf_mm<float>' into 'hls::qrf_alt<false, 8, 8, MY_CONFIG, float, float>' (/opt/tools/xilinx/Vivado/2017.4/common/technology/autopilot/hls/linear_algebra/hls_qrf.h:672) automatically.
INFO: [XFORM 203-602] Inlining function 'hls::x_conj<float>' into 'hls::qrf_alt<false, 8, 8, MY_CONFIG, float, float>' (/opt/tools/xilinx/Vivado/2017.4/common/technology/autopilot/hls/linear_algebra/hls_qrf.h:690) automatically.
INFO: [XFORM 203-602] Inlining function 'hls::qrf_top<false, 8, 8, MY_CONFIG, float, float>' into 'qrf_top' (qrf.cpp:60) automatically.
INFO: [HLS 200-111] Finished Checking Synthesizability Time (s): cpu = 00:03:04 ; elapsed = 00:02:04 . Memory (MB): peak = 1809.168 ; gain = 1462.598 ; free physical = 122130 ; free virtual = 127382
INFO: [XFORM 203-501] Unrolling loop 'update_r' (/opt/tools/xilinx/Vivado/2017.4/common/technology/autopilot/hls/linear_algebra/hls_qrf.h:660) in function 'hls::qrf_alt<false, 8, 8, MY_CONFIG, float, float>' partially with a factor of 2.
INFO: [XFORM 203-501] Unrolling loop 'update_q' (/opt/tools/xilinx/Vivado/2017.4/common/technology/autopilot/hls/linear_algebra/hls_qrf.h:669) in function 'hls::qrf_alt<false, 8, 8, MY_CONFIG, float, float>' partially with a factor of 2.
INFO: [XFORM 203-102] Partitioning array 'G.0' automatically.
INFO: [XFORM 203-102] Partitioning array 'G.1' automatically.
INFO: [XFORM 203-102] Partitioning array 'G.0' automatically.
INFO: [XFORM 203-102] Partitioning array 'G.1' automatically.
INFO: [XFORM 203-102] Partitioning array 'G_delay' (/opt/tools/xilinx/Vivado/2017.4/common/technology/autopilot/hls/linear_algebra/hls_qrf.h:594) in dimension 1 automatically.
INFO: [XFORM 203-102] Partitioning array 'G_delay.0' (/opt/tools/xilinx/Vivado/2017.4/common/technology/autopilot/hls/linear_algebra/hls_qrf.h:594) automatically.
INFO: [XFORM 203-102] Partitioning array 'G_delay.1' (/opt/tools/xilinx/Vivado/2017.4/common/technology/autopilot/hls/linear_algebra/hls_qrf.h:594) automatically.
INFO: [XFORM 203-102] Partitioning array 'CONFIG.SEQUENCE' in dimension 2 automatically.
INFO: [XFORM 203-102] Automatically partitioning streamed array 'to_rot.V' (/opt/tools/xilinx/Vivado/2017.4/common/technology/autopilot/hls/linear_algebra/hls_qrf.h:583) .
INFO: [XFORM 203-102] Automatically partitioning streamed array 'rotations.V' (/opt/tools/xilinx/Vivado/2017.4/common/technology/autopilot/hls/linear_algebra/hls_qrf.h:592) .
INFO: [XFORM 203-101] Partitioning array 'q_i' (/opt/tools/xilinx/Vivado/2017.4/common/technology/autopilot/hls/linear_algebra/hls_qrf.h:577) in dimension 2 with a cyclic factor 2.
INFO: [XFORM 203-101] Partitioning array 'r_i' (/opt/tools/xilinx/Vivado/2017.4/common/technology/autopilot/hls/linear_algebra/hls_qrf.h:578) in dimension 2 with a cyclic factor 2.
INFO: [XFORM 203-101] Partitioning array 'to_rot.V' (/opt/tools/xilinx/Vivado/2017.4/common/technology/autopilot/hls/linear_algebra/hls_qrf.h:583) in dimension 1 completely.
INFO: [XFORM 203-101] Partitioning array 'rotations.V' (/opt/tools/xilinx/Vivado/2017.4/common/technology/autopilot/hls/linear_algebra/hls_qrf.h:592) in dimension 1 completely.
INFO: [XFORM 203-602] Inlining function 'fp_struct<float>::data' into 'fp_struct<float>::to_float' (/wrk/2017.4/nightly/2017_12_15_2086221/src/products/hls/src/technology/autopilot/header_files/utils/x_hls_utils.h:349) automatically.
INFO: [XFORM 203-602] Inlining function 'fp_struct<float>::to_float' into 'fp_struct<float>::to_ieee' (/wrk/2017.4/nightly/2017_12_15_2086221/src/products/hls/src/technology/autopilot/header_files/utils/x_hls_utils.h:370) automatically.
INFO: [XFORM 203-602] Inlining function 'fp_struct<float>::to_ieee' into 'hls::generic_copysign<float>' (/wrk/2017.4/nightly/2017_12_15_2086221/src/products/hls/hls_lib/hlsmath/src/../include/internal/hls_basic_math.h:253) automatically.
INFO: [XFORM 203-602] Inlining function 'hls::generic_copysign<float>' into 'hls::generic_fabs<float>' (/wrk/2017.4/nightly/2017_12_15_2086221/src/products/hls/hls_lib/hlsmath/src/../include/internal/hls_basic_math.h:259) automatically.
INFO: [XFORM 203-602] Inlining function 'hls::generic_fabs<float>' into 'hls::abs' (/wrk/2017.4/nightly/2017_12_15_2086221/src/products/hls/hls_lib/hlsmath/src/libhlsmc++-Part1.cpp:336) automatically.
INFO: [XFORM 203-602] Inlining function 'hls::hls_rsr::generic_sqrt' into 'hls::sqrtf' (/wrk/2017.4/nightly/2017_12_15_2086221/src/products/hls/hls_lib/hlsmath/src/libhlsmc++-Part2.cpp:128) automatically.
INFO: [XFORM 203-602] Inlining function 'hls::sqrtf' into 'hls::x_sqrt' (/opt/tools/xilinx/Vivado/2017.4/common/technology/autopilot/hls/linear_algebra/utils/x_hls_matrix_utils.h:110) automatically.
INFO: [XFORM 203-602] Inlining function 'hls::abs' into 'hls::qrf_magnitude<float>' (/opt/tools/xilinx/Vivado/2017.4/common/technology/autopilot/hls/linear_algebra/hls_qrf.h:147) automatically.
INFO: [XFORM 203-602] Inlining function 'hls::x_sqrt' into 'hls::qrf_magnitude<float>' (/opt/tools/xilinx/Vivado/2017.4/common/technology/autopilot/hls/linear_algebra/hls_qrf.h:151) automatically.
INFO: [XFORM 203-602] Inlining function 'hls::generic_copysign<float>' into 'hls::copysignf' (/wrk/2017.4/nightly/2017_12_15_2086221/src/products/hls/hls_lib/hlsmath/src/libhlsmc++-Part1.cpp:254) automatically.
INFO: [XFORM 203-602] Inlining function 'hls::copysignf' into 'hls::x_copysign' (/opt/tools/xilinx/Vivado/2017.4/common/technology/autopilot/hls/linear_algebra/utils/x_hls_matrix_utils.h:124) automatically.
INFO: [XFORM 203-602] Inlining function 'hls::qrf_magnitude<float>' into 'hls::qrf_givens<float>' (/opt/tools/xilinx/Vivado/2017.4/common/technology/autopilot/hls/linear_algebra/hls_qrf.h:232) automatically.
INFO: [XFORM 203-602] Inlining function 'hls::abs' into 'hls::qrf_givens<float>' (/opt/tools/xilinx/Vivado/2017.4/common/technology/autopilot/hls/linear_algebra/hls_qrf.h:234) automatically.
INFO: [XFORM 203-602] Inlining function 'hls::x_copysign' into 'hls::qrf_givens<float>' (/opt/tools/xilinx/Vivado/2017.4/common/technology/autopilot/hls/linear_algebra/hls_qrf.h:235) automatically.
INFO: [XFORM 203-602] Inlining function 'hls::qrf_vm<float>' into 'hls::qrf_mm_or_mag<float>' (/opt/tools/xilinx/Vivado/2017.4/common/technology/autopilot/hls/linear_algebra/hls_qrf.h:122) automatically.
INFO: [XFORM 203-602] Inlining function 'hls::x_real<float const>' into 'hls::qrf_mm_or_mag<float>' (/opt/tools/xilinx/Vivado/2017.4/common/technology/autopilot/hls/linear_algebra/hls_qrf.h:132) automatically.
INFO: [XFORM 203-602] Inlining function 'hls::qrf_vm<float>' into 'hls::qrf_mm<float>' (/opt/tools/xilinx/Vivado/2017.4/common/technology/autopilot/hls/linear_algebra/hls_qrf.h:113) automatically.
INFO: [XFORM 203-602] Inlining function 'hls::qrf_mm_or_mag<float>' into 'hls::qrf_alt<false, 8, 8, MY_CONFIG, float, float>' (/opt/tools/xilinx/Vivado/2017.4/common/technology/autopilot/hls/linear_algebra/hls_qrf.h:667) automatically.
INFO: [XFORM 203-602] Inlining function 'hls::qrf_mm<float>' into 'hls::qrf_alt<false, 8, 8, MY_CONFIG, float, float>' (/opt/tools/xilinx/Vivado/2017.4/common/technology/autopilot/hls/linear_algebra/hls_qrf.h:672) automatically.
INFO: [XFORM 203-602] Inlining function 'hls::x_conj<float>' into 'hls::qrf_alt<false, 8, 8, MY_CONFIG, float, float>' (/opt/tools/xilinx/Vivado/2017.4/common/technology/autopilot/hls/linear_algebra/hls_qrf.h:690) automatically.
INFO: [XFORM 203-602] Inlining function 'hls::qrf_top<false, 8, 8, MY_CONFIG, float, float>' into 'qrf_top' (qrf.cpp:60) automatically.
INFO: [XFORM 203-401] Performing if-conversion on hyperblock from (/opt/tools/xilinx/Vivado/2017.4/common/technology/autopilot/hls/linear_algebra/hls_qrf.h:618:93) to (/opt/tools/xilinx/Vivado/2017.4/common/technology/autopilot/hls/linear_algebra/hls_qrf.h:618:82) in function 'hls::qrf_alt<false, 8, 8, MY_CONFIG, float, float>'... converting 7 basic blocks.
INFO: [XFORM 203-401] Performing if-conversion on hyperblock from (/opt/tools/xilinx/Vivado/2017.4/common/technology/autopilot/hls/linear_algebra/hls_qrf.h:681:49) to (/opt/tools/xilinx/Vivado/2017.4/common/technology/autopilot/hls/linear_algebra/hls_qrf.h:681:43) in function 'hls::qrf_alt<false, 8, 8, MY_CONFIG, float, float>'... converting 4 basic blocks.
INFO: [XFORM 203-401] Performing if-conversion on hyperblock from (/opt/tools/xilinx/Vivado/2017.4/common/technology/autopilot/hls/linear_algebra/hls_qrf.h:685:54) to (/opt/tools/xilinx/Vivado/2017.4/common/technology/autopilot/hls/linear_algebra/hls_qrf.h:685:48) in function 'hls::qrf_alt<false, 8, 8, MY_CONFIG, float, float>'... converting 4 basic blocks.
INFO: [HLS 200-111] Finished Pre-synthesis Time (s): cpu = 00:03:15 ; elapsed = 00:02:21 . Memory (MB): peak = 2449.168 ; gain = 2102.598 ; free physical = 121193 ; free virtual = 126760
WARNING: [XFORM 203-542] Cannot flatten a loop nest 'row_copy' (/opt/tools/xilinx/Vivado/2017.4/common/technology/autopilot/hls/linear_algebra/hls_qrf.h:598:43) in function 'hls::qrf_alt<false, 8, 8, MY_CONFIG, float, float>' : 

more than one sub loop.
WARNING: [XFORM 203-542] Cannot flatten a loop nest 'rotate' (/opt/tools/xilinx/Vivado/2017.4/common/technology/autopilot/hls/linear_algebra/hls_qrf.h:641:85) in function 'hls::qrf_alt<false, 8, 8, MY_CONFIG, float, float>' : 

more than one sub loop.
WARNING: [XFORM 203-542] Cannot flatten a loop nest 'px' (/opt/tools/xilinx/Vivado/2017.4/common/technology/autopilot/hls/linear_algebra/hls_qrf.h:616:79) in function 'hls::qrf_alt<false, 8, 8, MY_CONFIG, float, float>' : 

more than one sub loop.
WARNING: [XFORM 203-542] Cannot flatten a loop nest 'row_assign_loop' (/opt/tools/xilinx/Vivado/2017.4/common/technology/autopilot/hls/linear_algebra/hls_qrf.h:678:50) in function 'hls::qrf_alt<false, 8, 8, MY_CONFIG, float, float>' : 

more than one sub loop.
WARNING: [XFORM 203-631] Renaming function 'hls::qrf_givens<float>' to 'qrf_givens<float>' (/opt/tools/xilinx/Vivado/2017.4/common/technology/autopilot/hls/linear_algebra/hls_qrf.h:226)
WARNING: [XFORM 203-631] Renaming function 'hls::qrf_alt<false, 8, 8, MY_CONFIG, float, float>' to 'qrf_alt' (/opt/tools/xilinx/Vivado/2017.4/common/technology/autopilot/hls/linear_algebra/hls_qrf.h:107:42)
INFO: [XFORM 203-521] Merging 2 loops (/opt/tools/xilinx/Vivado/2017.4/common/technology/autopilot/hls/linear_algebra/hls_qrf.h:601, /opt/tools/xilinx/Vivado/2017.4/common/technology/autopilot/hls/linear_algebra/hls_qrf.h:609) in function 'qrf_alt'.
INFO: [XFORM 203-521] Merging 2 loops (/opt/tools/xilinx/Vivado/2017.4/common/technology/autopilot/hls/linear_algebra/hls_qrf.h:660, /opt/tools/xilinx/Vivado/2017.4/common/technology/autopilot/hls/linear_algebra/hls_qrf.h:669) in function 'qrf_alt'.
INFO: [XFORM 203-521] Merging 2 loops (/opt/tools/xilinx/Vivado/2017.4/common/technology/autopilot/hls/linear_algebra/hls_qrf.h:681, /opt/tools/xilinx/Vivado/2017.4/common/technology/autopilot/hls/linear_algebra/hls_qrf.h:685) in function 'qrf_alt'.
WARNING: [XFORM 203-561] Ignored multiple trip count directives for loop 'col_copy_r_i' in function 'qrf_alt'.
WARNING: [XFORM 203-561] Ignored multiple trip count directives for loop 'update_r' in function 'qrf_alt'.
WARNING: [XFORM 203-561] Ignored multiple trip count directives for loop 'col_r_assign_loop' in function 'qrf_alt'.
INFO: [HLS 200-111] Finished Architecture Synthesis Time (s): cpu = 00:03:18 ; elapsed = 00:02:24 . Memory (MB): peak = 2634.758 ; gain = 2288.188 ; free physical = 121044 ; free virtual = 126614
INFO: [HLS 200-10] Starting hardware synthesis ...
INFO: [HLS 200-10] Synthesizing 'qrf_top' ...
WARNING: [SYN 201-103] Legalizing function name 'qrf_givens<float>' to 'qrf_givens_float_s'.
INFO: [HLS 200-10] ----------------------------------------------------------------
INFO: [HLS 200-42] -- Implementing module 'qrf_givens_float_s'
INFO: [HLS 200-10] ----------------------------------------------------------------
INFO: [SCHED 204-11] Starting scheduling ...
INFO: [SCHED 204-61] Pipelining function 'qrf_givens<float>'.
INFO: [SCHED 204-61] Pipelining result : Target II = 1, Final II = 1, Depth = 74.
INFO: [SCHED 204-11] Finished scheduling.
INFO: [HLS 200-111]  Elapsed time: 144.62 seconds; current allocated memory: 1.925 GB.
INFO: [BIND 205-100] Starting micro-architecture generation ...
INFO: [BIND 205-101] Performing variable lifetime analysis.
INFO: [BIND 205-101] Exploring resource sharing.
INFO: [BIND 205-101] Binding ...
INFO: [BIND 205-100] Finished micro-architecture generation.
INFO: [HLS 200-111]  Elapsed time: 0.42 seconds; current allocated memory: 1.926 GB.
INFO: [HLS 200-10] ----------------------------------------------------------------
INFO: [HLS 200-42] -- Implementing module 'qrf_alt'
INFO: [HLS 200-10] ----------------------------------------------------------------
INFO: [SCHED 204-11] Starting scheduling ...
INFO: [SCHED 204-61] Pipelining loop 'col_copy_q_i'.
INFO: [SCHED 204-61] Pipelining result : Target II = 1, Final II = 1, Depth = 4.
INFO: [SCHED 204-61] Pipelining loop 'calc_rotations'.
INFO: [SCHED 204-61] Pipelining result : Target II = 1, Final II = 1, Depth = 79.
INFO: [SCHED 204-61] Pipelining loop 'update_r'.
WARNING: [SCHED 204-69] Unable to schedule 'store' operation (/opt/tools/xilinx/Vivado/2017.4/common/technology/autopilot/hls/linear_algebra/hls_qrf.h:667) of variable 'a', /opt/tools/xilinx/Vivado/2017.4/common/technology/autopilot/hls/linear_algebra/hls_qrf.h:124->/opt/tools/xilinx/Vivado/2017.4/common/technology/autopilot/hls/linear_algebra/hls_qrf.h:667 on array 'r_i[0]', /opt/tools/xilinx/Vivado/2017.4/common/technology/autopilot/hls/linear_algebra/hls_qrf.h:578 due to limited memory ports. Please consider using a memory core with more ports or partitioning the array 'r_i_0'.
INFO: [SCHED 204-61] Pipelining result : Target II = 1, Final II = 2, Depth = 21.
INFO: [SCHED 204-61] Pipelining loop 'col_r_assign_loop'.
INFO: [SCHED 204-61] Pipelining result : Target II = 1, Final II = 1, Depth = 3.
INFO: [SCHED 204-11] Finished scheduling.
INFO: [HLS 200-111]  Elapsed time: 1.22 seconds; current allocated memory: 1.928 GB.
INFO: [BIND 205-100] Starting micro-architecture generation ...
INFO: [BIND 205-101] Performing variable lifetime analysis.
INFO: [BIND 205-101] Exploring resource sharing.
INFO: [BIND 205-101] Binding ...
INFO: [BIND 205-100] Finished micro-architecture generation.
INFO: [HLS 200-111]  Elapsed time: 1.06 seconds; current allocated memory: 1.929 GB.
INFO: [HLS 200-10] ----------------------------------------------------------------
INFO: [HLS 200-42] -- Implementing module 'qrf_top'
INFO: [HLS 200-10] ----------------------------------------------------------------
INFO: [SCHED 204-11] Starting scheduling ...
INFO: [SCHED 204-11] Finished scheduling.
INFO: [HLS 200-111]  Elapsed time: 0.94 seconds; current allocated memory: 1.930 GB.
INFO: [BIND 205-100] Starting micro-architecture generation ...
INFO: [BIND 205-101] Performing variable lifetime analysis.
INFO: [BIND 205-101] Exploring resource sharing.
INFO: [BIND 205-101] Binding ...
INFO: [BIND 205-100] Finished micro-architecture generation.
INFO: [HLS 200-111]  Elapsed time: 0.37 seconds; current allocated memory: 1.930 GB.
INFO: [HLS 200-10] ----------------------------------------------------------------
INFO: [HLS 200-10] -- Generating RTL for module 'qrf_givens_float_s'
INFO: [HLS 200-10] ----------------------------------------------------------------
INFO: [SYN 201-210] Renamed object name 'qrf_top_fadd_32ns_32ns_32_9_full_dsp_0' to 'qrf_top_fadd_32nsbkb' due to the length limit 20
INFO: [SYN 201-210] Renamed object name 'qrf_top_fmul_32ns_32ns_32_5_max_dsp_0' to 'qrf_top_fmul_32nscud' due to the length limit 20
INFO: [SYN 201-210] Renamed object name 'qrf_top_fdiv_32ns_32ns_32_17_0' to 'qrf_top_fdiv_32nsdEe' due to the length limit 20
INFO: [SYN 201-210] Renamed object name 'qrf_top_fcmp_32ns_32ns_1_2_0' to 'qrf_top_fcmp_32nseOg' due to the length limit 20
INFO: [SYN 201-210] Renamed object name 'qrf_top_fsqrt_32ns_32ns_32_17_0' to 'qrf_top_fsqrt_32nfYi' due to the length limit 20
INFO: [RTGEN 206-104] Estimated max fanout for 'qrf_givens_float_s' is 10943 from HDL expression: ((1'b0 == ap_block_pp0_stage0_11001) & (1'b1 == ap_ce_reg))
INFO: [RTGEN 206-100] Generating core module 'qrf_top_fadd_32nsbkb': 2 instance(s).
INFO: [RTGEN 206-100] Generating core module 'qrf_top_fcmp_32nseOg': 4 instance(s).
INFO: [RTGEN 206-100] Generating core module 'qrf_top_fdiv_32nsdEe': 4 instance(s).
INFO: [RTGEN 206-100] Generating core module 'qrf_top_fmul_32nscud': 4 instance(s).
INFO: [RTGEN 206-100] Generating core module 'qrf_top_fsqrt_32nfYi': 2 instance(s).
INFO: [RTGEN 206-100] Finished creating RTL model for 'qrf_givens_float_s'.
INFO: [HLS 200-111]  Elapsed time: 0.81 seconds; current allocated memory: 1.932 GB.
INFO: [HLS 200-10] ----------------------------------------------------------------
INFO: [HLS 200-10] -- Generating RTL for module 'qrf_alt'
INFO: [HLS 200-10] ----------------------------------------------------------------
INFO: [SYN 201-210] Renamed object name 'qrf_alt_CONFIG_BATCH_CNTS' to 'qrf_alt_CONFIG_BAg8j' due to the length limit 20
INFO: [SYN 201-210] Renamed object name 'qrf_alt_CONFIG_SEQUENCE_0' to 'qrf_alt_CONFIG_SEhbi' due to the length limit 20
INFO: [SYN 201-210] Renamed object name 'qrf_alt_CONFIG_SEQUENCE_1' to 'qrf_alt_CONFIG_SEibs' due to the length limit 20
INFO: [SYN 201-210] Renamed object name 'qrf_alt_CONFIG_SEQUENCE_2' to 'qrf_alt_CONFIG_SEjbC' due to the length limit 20
INFO: [RTGEN 206-100] Generating core module 'qrf_top_fadd_32nsbkb': 4 instance(s).
INFO: [RTGEN 206-100] Generating core module 'qrf_top_fmul_32nscud': 8 instance(s).
INFO: [RTGEN 206-100] Finished creating RTL model for 'qrf_alt'.
INFO: [HLS 200-111]  Elapsed time: 1.26 seconds; current allocated memory: 1.938 GB.
INFO: [HLS 200-10] ----------------------------------------------------------------
INFO: [HLS 200-10] -- Generating RTL for module 'qrf_top'
INFO: [HLS 200-10] ----------------------------------------------------------------
INFO: [RTGEN 206-500] Setting interface mode on port 'qrf_top/A' to 'ap_memory'.
INFO: [RTGEN 206-500] Setting interface mode on port 'qrf_top/Q' to 'ap_memory'.
INFO: [RTGEN 206-500] Setting interface mode on port 'qrf_top/R' to 'ap_memory'.
INFO: [RTGEN 206-500] Setting interface mode on function 'qrf_top' to 'ap_ctrl_hs'.
INFO: [RTGEN 206-100] Finished creating RTL model for 'qrf_top'.
INFO: [HLS 200-111]  Elapsed time: 1.8 seconds; current allocated memory: 1.944 GB.
INFO: [RTMG 210-279] Implementing memory 'qrf_alt_CONFIG_BAg8j_rom' using distributed ROMs.
INFO: [RTMG 210-279] Implementing memory 'qrf_alt_CONFIG_SEhbi_rom' using distributed ROMs.
INFO: [RTMG 210-279] Implementing memory 'qrf_alt_CONFIG_SEibs_rom' using distributed ROMs.
INFO: [RTMG 210-279] Implementing memory 'qrf_alt_CONFIG_SEjbC_rom' using distributed ROMs.
INFO: [RTMG 210-278] Implementing memory 'qrf_alt_q_i_0_ram (RAM)' using block RAMs.
INFO: [RTMG 210-285] Implementing FIFO 'fifo_w32_d4_A' using Shift Registers.
INFO: [RTMG 210-285] Implementing FIFO 'fifo_w32_d4_A' using Shift Registers.
INFO: [RTMG 210-285] Implementing FIFO 'fifo_w32_d4_A' using Shift Registers.
INFO: [RTMG 210-285] Implementing FIFO 'fifo_w32_d4_A' using Shift Registers.
INFO: [RTMG 210-285] Implementing FIFO 'fifo_w32_d4_A' using Shift Registers.
INFO: [RTMG 210-285] Implementing FIFO 'fifo_w32_d4_A' using Shift Registers.
INFO: [RTMG 210-285] Implementing FIFO 'fifo_w32_d4_A' using Shift Registers.
INFO: [RTMG 210-285] Implementing FIFO 'fifo_w32_d4_A' using Shift Registers.
INFO: [RTMG 210-278] Implementing memory 'qrf_top_a_i_ram (RAM)' using block RAMs.
INFO: [HLS 200-111] Finished generating all RTL models Time (s): cpu = 00:03:26 ; elapsed = 00:02:38 . Memory (MB): peak = 2634.758 ; gain = 2288.188 ; free physical = 121014 ; free virtual = 126595
INFO: [SYSC 207-301] Generating SystemC RTL for qrf_top.
INFO: [VHDL 208-304] Generating VHDL RTL for qrf_top.
INFO: [VLOG 209-307] Generating Verilog RTL for qrf_top.
INFO: [COSIM 212-47] Using XSIM for RTL simulation.
INFO: [COSIM 212-14] Instrumenting C test bench ...
   Build using "/opt/tools/xilinx/Vivado/2017.4/lnx64/tools/gcc/bin/g++"
   Compiling qrf_tb.cpp_pre.cpp.tb.cpp
   Compiling apatb_qrf_top.cpp
   Compiling qrf.cpp_pre.cpp.tb.cpp
   Generating cosim.tv.exe
INFO: [COSIM 212-302] Starting C TB testing ... 
A = 
   |(82.0000000000)    (41.0000000000)    (62.0000000000)    (23.0000000000)    (26.0000000000)    (61.0000000000)    (54.0000000000)    (57.0000000000) |
   |(23.0000000000)    (20.0000000000)    (52.0000000000)    (26.0000000000)    (61.0000000000)     (7.0000000000)    (64.0000000000)    (14.0000000000) |
   |(46.0000000000)    (28.0000000000)    (25.0000000000)    (86.0000000000)    (60.0000000000)    (56.0000000000)    (21.0000000000)    (85.0000000000) |
   |(61.0000000000)    (79.0000000000)    (17.0000000000)    (11.0000000000)    (54.0000000000)    (83.0000000000)    (54.0000000000)    (75.0000000000) |
   |(15.0000000000)    (15.0000000000)    (93.0000000000)    (66.0000000000)    (89.0000000000)    (53.0000000000)    (41.0000000000)    (83.0000000000) |
   |(29.0000000000)    (17.0000000000)    (47.0000000000)    (61.0000000000)     (3.0000000000)    (90.0000000000)    (11.0000000000)    (45.0000000000) |
   |(17.0000000000)    (85.0000000000)    (60.0000000000)    (34.0000000000)    (29.0000000000)    (51.0000000000)    (49.0000000000)    (86.0000000000) |
   |(31.0000000000)    (99.0000000000)    (54.0000000000)    (50.0000000000)    (73.0000000000)    (19.0000000000)    (89.0000000000)    (69.0000000000) |
Q = 
   | (0.6606462002)    (-0.3665806055)     (0.0329794474)     (0.4390668571)    (-0.2503126860)     (0.3353572190)    (-0.2287341505)    (-0.0886450186) |
   | (0.1853032261)    (-0.0243263971)     (0.3149668574)     (0.1645996720)     (0.3714588881)     (0.2074687183)     (0.6403692365)     (0.4976706505) |
   | (0.3706064522)    (-0.1594692767)    (-0.0960540697)    (-0.7941579819)     (0.1600795984)     (0.1788422763)    (-0.2372042835)     (0.2888444066) |
   | (0.4914563596)     (0.1751830727)    (-0.4444378018)     (0.1430742443)     (0.3274949789)    (-0.6297702789)     (0.0747037530)    (-0.0184961241) |
   | (0.1208499223)     (0.0022028387)     (0.7751086354)    (-0.0234854743)     (0.3526953459)    (-0.3062295914)    (-0.3305340409)    (-0.2379547358) |
   | (0.2336431891)    (-0.1065576375)     (0.2470574081)    (-0.3193358183)    (-0.6028121114)    (-0.3423852921)     (0.5019531250)    (-0.1961548328) |
